2.9957320000
13.3059136364
14.0485601818
16.9365954545
22.9655022727
18.7310434545
24.4093806364
27.2691637273
32.1765238182
29.3099750000
34.0688399091
36.9001653636
41.1294792727
39.1722174545
43.3396130000
46.0989807273
49.8477807273
48.6082730909
52.3664519091
55.0501930909
58.3699938182
57.7575565455
61.1533493636
63.7445773636
66.7199500909
66.6482526364
69.7910985455
72.2643741818
75.0022067273
75.3487459091
78.2751422727
80.6396432727
83.1459192727
83.8617616364
86.5833924545
88.8865167273
91.2052903636
92.2198901818
94.8294942727
97.0260300000
99.2208582727
100.4738619091
102.9279577273
105.0747720909
107.1242572727
108.5991152727
110.9540014545
113.0626516364
115.0173845455
116.6584531818
118.9249543636
120.9443307273
122.8708836364
124.6156472727
126.8215493636
128.7900382727
130.6774264545
132.5227736364
134.6287146364
136.5721261818
138.4504642727
140.3579979091
142.3750109091
144.3080132727
146.1916442727
148.1171183636
150.1170362727
152.0285277273
153.9076846364
155.8074165455
157.7771050000
159.6687927273
161.5548158182
163.4682686364
165.4109890000
167.2845819091
169.1636300909
171.0609326364
172.9907103636
174.8765092727
176.7534553636
178.6479549091
180.5345125455
182.4284073636
184.2932000000
186.1868213636
188.0600735455
189.9380572727
191.8028122727
193.6849925455
195.5532681818
197.4163271818
199.2656694545
201.1342432727
203.0029551818
204.8601465455
206.7191180000
208.5803255455
210.4341159091
212.2686700000
214.1270871818
215.9603253636
217.8178961818
219.6542760909
221.5022659091
223.3477076364
225.1934316364
227.0152276364
228.8599803636
230.6908180909
232.5200947273
234.3589895455
236.1826248182
238.0091656364
239.8354847273
241.6672400909
243.4800842727
245.3010097273
247.1119352727
248.9380413636
250.7444791818
252.5524570000
254.3832288182
256.1886331818
258.0133146364
259.8249517273
261.6233756364
263.4403889091
265.2406950000
267.0305438182
268.8482756364
270.6539895455
272.4514685455
274.2380002727
276.0419948182
277.8432173636
279.6400335455
281.4306833636
283.2304720000
285.0307896364
286.8209895455
288.5974321818
290.3925334545
292.1866028182
293.9712423636
295.7504799091
297.5323628182
299.3207603636
301.1036858182
302.8829586364
304.6635199091
306.4417857273
308.2291816364
309.9987715455
311.7819574545
313.5454390000
315.3245325455
317.0905164545
318.8638507273
320.6397132727
322.3981542727
324.1709980909
325.9468744545
327.7076342727
329.4840567273
331.2496635455
333.0126010000
334.7743385455
336.5289436364
338.3047462727
340.0625320000
341.8165749091
343.5735298182
345.3314052727
347.0922118182
348.8554071818
350.6012539091
352.3510565455
354.1011262727
355.8661188182
357.6140259091
359.3742993636
361.1217212727
362.8688463636
364.6272879091
366.3788445455
368.1286798182
369.8721660909
371.6287581818
373.3683072727
375.1095260000
376.8654060000
378.6035720909
380.3409644545
382.0888405455
383.8223040000
385.5652039091
387.3062165455
389.0444163636
390.7802656364
392.5230533636
394.2594465455
395.9861470909
397.7329729091
399.4696530000
401.1977264545
402.9394946364
404.6654881818
406.4065290000
408.1402382727
409.8635292727
411.5984135455
413.3358886364
415.0639263636
416.7879290000
418.5162920000
420.2525929091
421.9771471818
423.6962949091
425.4174763636
427.1475167273
428.8734732727
430.5940100000
432.3159923636
434.0411340909
435.7588314545
437.4812125455
439.2062438182
440.9239841818
442.6385271818
444.3507576364
446.0787691818
447.7996798182
449.5091865455
451.2374498182
452.9523485455
454.6634533636
456.3811573636
458.1040569091
459.8090817273
461.5197414545
463.2392190000
464.9517170909
466.6636771818
468.3710580909
470.0901830000
471.8024493636
473.5024630000
475.2254889091
476.9274752727
478.6376078182
480.3468523636
482.0525246364
483.7539700000
485.4681788182
487.1783478182
488.8761504545
490.5852294545
492.2908710909
493.9968130909
495.6936815455
497.3981310909
499.1045667273
500.8096247273
502.5098622727
504.2097438182
505.9111720000
507.6137000909
509.3136178182
511.0096887273
512.7172418182
514.4065570909
516.1174843636
517.8117106364
519.5141651818
521.2122951818
522.9100421818
524.6067335455
526.3007609091
528.0020929091
529.7015158182
531.3997325455
533.0900375455
534.7854035455
536.4846586364
538.1799560909
539.8741880000
541.5665340000
543.2632519091
544.9571680909
546.6501616364
548.3431289091
550.0383304545
551.7336083636
553.4181875455
555.1148900909
556.8051333636
558.4985425455
560.1843429091
561.8870704545
563.5649544545
565.2560895455
566.9467791818
568.6383312727
570.3308190909
572.0085646364
573.6958293636
575.3925930909
577.0723189091
578.7598553636
580.4474230909
582.1399701818
583.8212366364
585.5080678182
587.1901744545
588.8812239091
590.5720910000
592.2539682727
593.9408469091
595.6245326364
597.3016005455
598.9906827273
600.6738744545
602.3601523636
604.0363650000
605.7235273636
607.4101327273
609.0911309091
610.7741884545
612.4586307273
614.1411001818
615.8223101818
617.5057852727
619.1917712727
620.8732311818
622.5593815455
624.2311990000
625.9192611818
627.5936201818
629.2825145455
630.9541662727
632.6263985455
634.3051547273
635.9866877273
637.6550309091
639.3355922727
641.0130293636
642.6956300000
644.3705265455
646.0499546364
647.7295801818
649.4152000000
651.0893811818
652.7612085455
654.4402577273
656.1125713636
657.7940591818
659.4701057273
661.1512579091
662.8203471818
664.4960581818
666.1687665455
667.8438790909
669.5192892727
671.1953546364
672.8737818182
674.5516607273
676.2285967273
677.8985448182
679.5743940909
681.2454559091
682.9212837273
684.5919198182
686.2688553636
687.9383221818
689.6052663636
691.2868917273
692.9597573636
694.6326584545
696.3002637273
697.9757313636
699.6497073636
701.3215258182
702.9915883636
704.6661771818
706.3384470909
708.0089600000
709.6835211818
711.3528524545
713.0243783636
714.6979775455
716.3699560909
718.0407030909
719.7145831818
721.3881378182
723.0539459091
724.7237011818
726.3961918182
728.0718235455
729.7452076364
731.4102717273
733.0830731818
734.7563878182
736.4268985455
738.0972390909
739.7679841818
741.4386282727
743.1135582727
744.7885888182
746.4559784545
748.1276126364
749.7981992727
751.4646032727
753.1312602727
754.8020840909
756.4731857273
758.1458640000
759.8217984545
761.4883204545
763.1561914545
764.8290792727
766.4978590000
768.1649980000
769.8301746364
771.5032714545
773.1757031818
774.8426882727
776.5121347273
778.1842242727
779.8492874545
781.5196673636
783.1832400909
784.8516482727
786.5232185455
788.1942362727
789.8606905455
791.5308046364
793.2024863636
794.8685919091
796.5384020909
798.2037692727
799.8714675455
801.5446116364
803.2087061818
804.8786717273
806.5508150909
808.2161834545
809.8823897273
811.5478050000
813.2149059091
814.8839700909
816.5581802727
818.2234608182
819.8934507273
821.5586996364
823.2328121818
824.9016185455
826.5656298182
828.2378770909
829.9030499091
831.5742519091
833.2398403636
834.9134707273
836.5774449091
838.2479552727
839.9116373636
841.5799200000
843.2448710000
844.9085424545
846.5800893636
848.2420379091
849.9113430000
851.5812629091
853.2509453636
854.9155547273
856.5871122727
858.2493288182
859.9166856364
861.5821590909
863.2516003636
864.9185201818
866.5871222727
868.2575916364
869.9255139091
871.5925914545
873.2641566364
874.9288221818
876.5994232727
878.2719599091
879.9408475455
881.6105450909
883.2802002727
884.9457184545
886.6199736364
888.2838027273
889.9551176364
891.6251504545
893.2910177273
894.9623887273
896.6333301818
898.3001474545
899.9694799091
901.6394489091
903.3088185455
904.9756880909
906.6438118182
908.3210489091
909.9865277273
911.6625175455
913.3307269091
915.0022750909
916.6700735455
918.3406090909
920.0076800909
921.6778825455
923.3514649091
925.0190421818
926.6895273636
928.3585350909
930.0237660000
931.6907530000
933.3620323636
935.0355692727
936.7053104545
938.3729202727
940.0419617273
941.7151663636
943.3839481818
945.0509279091
946.7239132727
948.3943365455
950.0684731818
951.7382928182
953.4074183636
955.0755767273
956.7488783636
958.4228010909
960.0940595455
961.7670014545
963.4395805455
965.1053193636
966.7758959091
968.4470761818
970.1230159091
971.7916609091
973.4636826364
975.1353308182
976.8082646364
978.4814172727
980.1518974545
981.8223315455
983.4954261818
985.1686783636
986.8370458182
988.5094555455
990.1815260000
991.8497399091
993.5223376364
995.1932567273
996.8649630000
998.5361672727
1000.2093159091
1001.8884806364
1003.5554760000
1005.2277804545
1006.8982940909
1008.5729949091
1010.2495158182
1011.9164909091
1013.5944061818
1015.2659981818
1016.9426678182
1018.6101323636
1020.2810704545
1021.9593025455
1023.6384582727
1025.3120888182
1026.9811490000
1028.6584194545
1030.3311601818
1032.0057524545
1033.6804920909
1035.3522060909
1037.0296387273
1038.7017858182
1040.3791990000
1042.0534560909
1043.7286729091
1045.3991820909
1047.0752876364
1048.7486971818
1050.4235900909
1052.0965011818
1053.7674820000
1055.4446817273
1057.1185204545
1058.7926273636
1060.4684367273
1062.1455460909
1063.8156540909
1065.4911667273
1067.1638059091
1068.8398526364
1070.5132243636
1072.1857933636
1073.8626186364
1075.5388927273
1077.2136640909
1078.8887420000
1080.5624702727
1082.2362423636
1083.9127180909
1085.5874218182
1087.2645427273
1088.9407698182
1090.6173708182
1092.2921786364
1093.9698967273
1095.6420051818
1097.3183834545
1098.9959079091
1100.6683195455
1102.3475837273
1104.0207918182
1105.6975062727
1107.3751085455
1109.0496231818
1110.7286788182
1112.4052638182
1114.0852209091
1115.7573194545
1117.4343440000
1119.1172094545
1120.7928492727
1122.4660288182
1124.1427451818
1125.8163810909
1127.4960480000
1129.1755388182
1130.8519125455
1132.5271427273
1134.2052787273
1135.8819520909
1137.5528284545
1139.2346985455
1140.9133492727
1142.5917642727
1144.2717642727
1145.9465051818
1147.6224038182
1149.2963424545
1150.9713651818
1152.6550199091
1154.3317464545
1156.0089325455
1157.6898937273
1159.3634052727
1161.0387392727
1162.7127190000
1164.3922113636
1166.0706680909
1167.7497712727
1169.4257293636
1171.1087704545
1172.7849410000
1174.4634964545
1176.1414362727
1177.8223835455
1179.5009088182
1181.1756047273
1182.8545331818
1184.5329540000
1186.2096727273
1187.8856712727
1189.5685777273
1191.2462937273
1192.9183117273
1194.5938002727
1196.2734063636
1197.9521926364
1199.6323977273
1201.3085351818
1202.9861390909
1204.6668723636
1206.3453000909
1208.0274510000
1209.7095438182
1211.3875531818
1213.0648826364
1214.7459406364
1216.4232699091
1218.1016571818
1219.7778080909
1221.4615542727
1223.1375023636
1224.8168113636
1226.4945577273
1228.1778700909
1229.8580597273
1231.5375631818
1233.2141007273
1234.8928810000
1236.5676512727
1238.2476880000
1239.9259087273
1241.6056954545
1243.2839330000
1244.9661585455
1246.6482337273
1248.3292020909
1250.0032063636
1251.6840604545
1253.3660168182
1255.0461921818
1256.7254233636
1258.4070513636
1260.0867812727
1261.7692538182
1263.4458378182
1265.1296706364
1266.8086232727
1268.4881888182
1270.1725321818
1271.8467166364
1273.5298553636
1275.2090937273
1276.8907773636
1278.5691446364
1280.2538948182
1281.9323657273
1283.6124106364
1285.2909190000
1286.9713694545
1288.6578083636
1290.3356800000
1292.0137663636
1293.6928265455
1295.3731010909
1297.0553822727
1298.7375284545
1300.4192106364
1302.1035242727
1303.7867017273
1305.4691912727
1307.1462068182
1308.8272580909
1310.5080087273
1312.1920901818
1313.8718318182
1315.5533888182
1317.2351881818
1318.9171272727
1320.6003888182
1322.2832373636
1323.9609311818
1325.6449927273
1327.3262104545
1329.0064780909
1330.6859945455
1332.3670696364
1334.0479590909
1335.7320232727
1337.4133243636
1339.0958742727
1340.7780336364
1342.4598520000
1344.1398177273
1345.8217036364
1347.5054126364
1349.1893592727
1350.8693385455
1352.5496919091
1354.2313596364
1355.9117034545
1357.5911146364
1359.2738000000
1360.9568310909
1362.6372216364
1364.3195445455
1366.0039046364
1367.6851219091
1369.3686570909
1371.0499104545
1372.7330979091
1374.4156793636
1376.0958215455
1377.7787599091
1379.4607032727
1381.1430145455
1382.8261246364
1384.5079716364
1386.1921997273
1387.8774846364
1389.5588206364
1391.2464252727
1392.9269939091
1394.6079523636
1396.2899019091
1397.9746954545
1399.6533485455
1401.3381940000
1403.0225625455
1404.7031036364
1406.3876676364
1408.0675807273
1409.7515534545
1411.4333700000
1413.1175800000
1414.7952876364
1416.4817888182
1418.1652951818
1419.8462210909
1421.5291820909
1423.2130210909
1424.8985910000
1426.5815254545
1428.2636741818
1429.9474728182
1431.6311563636
1433.3130266364
1434.9970659091
1436.6824890000
1438.3601871818
1440.0420167273
1441.7237684545
1443.4059325455
1445.0909102727
1446.7760400000
1448.4587142727
1450.1443483636
1451.8227264545
1453.5080600909
1455.1923267273
1456.8770051818
1458.5599900000
1460.2463934545
1461.9252210909
1463.6119725455
1465.2950254545
1466.9793251818
1468.6605480000
1470.3417595455
1472.0271601818
1473.7075412727
1475.3890167273
1477.0739867273
1478.7572369091
1480.4415575455
1482.1243263636
1483.8108070000
1485.4927971818
1487.1776650000
1488.8600116364
1490.5426527273
1492.2302531818
1493.9137416364
1495.5991820000
1497.2815233636
1498.9652980909
1500.6510191818
1502.3338572727
1504.0194260909
1505.7034836364
1507.3901488182
1509.0736918182
1510.7555650909
1512.4372664545
1514.1240760000
1515.8069277273
1517.4914540909
1519.1768356364
1520.8608340909
1522.5454095455
1524.2286816364
1525.9153630000
1527.5990056364
1529.2879107273
1530.9717321818
1532.6548568182
1534.3402093636
1536.0266519091
1537.7097397273
1539.3926577273
1541.0754267273
1542.7604723636
1544.4453796364
1546.1335080000
1547.8161549091
1549.5020532727
1551.1889080909
1552.8714030909
1554.5583774545
1556.2449440000
1557.9268100909
1559.6100997273
1561.2980157273
1562.9776434545
1564.6640847273
1566.3502025455
1568.0361233636
1569.7204353636
1571.4057470000
1573.0934871818
1574.7747802727
1576.4576082727
1578.1465328182
1579.8328541818
1581.5212189091
1583.2039440909
1584.8911160909
1586.5743321818
1588.2581468182
1589.9436657273
1591.6331408182
1593.3148234545
1595.0034074545
1596.6922706364
1598.3781107273
1600.0643663636
1601.7472530909
1603.4338137273
1605.1224716364
1606.8039950909
1608.4928034545
1610.1773939091
1611.8654643636
1613.5515723636
1615.2377410909
1616.9262630909
1618.6126490909
1620.3028554545
1621.9890733636
1623.6738387273
1625.3610866364
1627.0462831818
1628.7332872727
1630.4171094545
1632.1049938182
1633.7902929091
1635.4748506364
1637.1601466364
1638.8438213636
1640.5311853636
1642.2203040000
1643.9057186364
1645.5930078182
1647.2798357273
1648.9671882727
1650.6524064545
1652.3374856364
1654.0202310909
1655.7101229091
1657.3962548182
1659.0808395455
1660.7644256364
1662.4509890000
1664.1377305455
1665.8265953636
1667.5137452727
1669.2008198182
1670.8851408182
1672.5735147273
1674.2614441818
1675.9472113636
1677.6317968182
1679.3195170000
1681.0076090909
1682.6923940000
1684.3796982727
1686.0698274545
1687.7581415455
1689.4472910000
1691.1346935455
1692.8192000909
1694.5066950000
1696.1945849091
1697.8822051818
1699.5715596364
1701.2576865455
1702.9436457273
1704.6334344545
1706.3223386364
1708.0092430000
1709.6971168182
1711.3855534545
1713.0744008182
1714.7597673636
1716.4477616364
1718.1345023636
1719.8215815455
1721.5090876364
1723.2016859091
1724.8901702727
1726.5788543636
1728.2673616364
1729.9553846364
1731.6432075455
1733.3318838182
1735.0208294545
1736.7090922727
1738.3973935455
1740.0840617273
1741.7709515455
1743.4616998182
1745.1492168182
1746.8382920000
1748.5259110000
1750.2140040000
1751.9019589091
1753.5931681818
1755.2804644545
1756.9673141818
1758.6582642727
1760.3460600000
1762.0345470909
1763.7236319091
1765.4088299091
1767.0968665455
1768.7827320000
1770.4728310909
1772.1619967273
1773.8502240909
1775.5397633636
1777.2279356364
1778.9179808182
1780.6087727273
1782.2941780000
1783.9835754545
1785.6719379091
1787.3621008182
1789.0514187273
1790.7406418182
1792.4312564545
1794.1177580000
1795.8068785455
1797.4999772727
1799.1897640909
1800.8781607273
1802.5676592727
1804.2583536364
1805.9457673636
1807.6324153636
1809.3219070909
1811.0141180909
1812.7006462727
1814.3922134545
1816.0818732727
1817.7715210909
1819.4638229091
1821.1536079091
1822.8438694545
1824.5344773636
1826.2197275455
1827.9106265455
1829.6011830000
1831.2905898182
1832.9827470909
1834.6719150909
1836.3629967273
1838.0532309091
1839.7429523636
1841.4339476364
1843.1245920909
1844.8155256364
1846.5051883636
1848.1953350909
1849.8897736364
1851.5794185455
1853.2688431818
1854.9632290909
1856.6515570000
1858.3402695455
1860.0318439091
1861.7270258182
1863.4170942727
1865.1065531818
1866.7986260000
1868.4908718182
1870.1844144545
1871.8761922727
1873.5689748182
1875.2608659091
1876.9515786364
1878.6453374545
1880.3377811818
1882.0266287273
1883.7191231818
1885.4138196364
1887.1049380909
1888.7961280909
1890.4911759091
1892.1839797273
1893.8751450000
1895.5654126364
1897.2553957273
1898.9487745455
1900.6399093636
1902.3308428182
1904.0234681818
1905.7183780909
1907.4118659091
1909.1041333636
1910.7991577273
1912.4916687273
1914.1854250909
1915.8767289091
1917.5697851818
1919.2642327273
1920.9592883636
1922.6506804545
1924.3420157273
1926.0366583636
1927.7330500909
1929.4241931818
1931.1170870909
1932.8106455455
1934.5018243636
1936.1945358182
1937.8885236364
1939.5829741818
1941.2738229091
1942.9695773636
1944.6615094545
1946.3567760909
1948.0523281818
1949.7426832727
1951.4336840909
1953.1284961818
1954.8234529091
1956.5175130909
1958.2113514545
1959.9075139091
1961.6022969091
1963.2964197273
1964.9903529091
1966.6858711818
1968.3813282727
1970.0746110909
1971.7680454545
1973.4629966364
1975.1550413636
1976.8497840000
1978.5471293636
1980.2420321818
1981.9358694545
1983.6261700909
1985.3217107273
1987.0174826364
1988.7106995455
1990.4106690909
1992.1075504545
1993.8032399091
1995.4965519091
1997.1925226364
1998.8862532727
2000.5807517273
2002.2757789091
2003.9715470000
2005.6669518182
2007.3614806364
2009.0563773636
2010.7523560909
2012.4470797273
2014.1418135455
2015.8399669091
2017.5351404545
2019.2282692727
2020.9270910909
2022.6240737273
2024.3211180000
2026.0193883636
2027.7168807273
2029.4116877273
2031.1096013636
2032.8031203636
2034.4984750000
2036.1940257273
2037.8902245455
2039.5866160000
2041.2835999091
2042.9790190000
2044.6753926364
2046.3725920909
2048.0679290000
2049.7667742727
2051.4609625455
2053.1569754545
2054.8514887273
2056.5473484545
2058.2428783636
2059.9388686364
2061.6378091818
2063.3347755455
2065.0309914545
2066.7247753636
2068.4215709091
2070.1189238182
2071.8166170909
2073.5120840000
2075.2073623636
2076.9056572727
2078.6001853636
2080.2997926364
2081.9937170909
2083.6937103636
2085.3889321818
2087.0855718182
2088.7834422727
2090.4806093636
2092.1757261818
2093.8750060000
2095.5729176364
2097.2701009091
2098.9675340909
2100.6644760909
2102.3620150000
2104.0593267273
2105.7578349091
2107.4548218182
2109.1520450909
2110.8485528182
2112.5470078182
2114.2439910000
2115.9424022727
2117.6404471818
2119.3417763636
2121.0384894545
2122.7350670909
2124.4315053636
2126.1306564545
2127.8288609091
2129.5264415455
2131.2241171818
2132.9205126364
2134.6179976364
2136.3164956364
2138.0150155455
2139.7107134545
2141.4093079091
2143.1067786364
2144.8056870909
2146.5034672727
2148.1999418182
2149.9003650909
2151.5962730000
2153.2934498182
2154.9917942727
2156.6883232727
2158.3848115455
2160.0862671818
2161.7827917273
2163.4799099091
2165.1788400909
2166.8808115455
2168.5777960000
2170.2755380909
2171.9744530000
2173.6726882727
2175.3709538182
2177.0662002727
2178.7651306364
2180.4663568182
2182.1647795455
2183.8588798182
2185.5573858182
2187.2539562727
2188.9528921818
2190.6472143636
2192.3458040000
2194.0404528182
2195.7385994545
2197.4394336364
2199.1383394545
2200.8366838182
2202.5370965455
2204.2345149091
2205.9309996364
2207.6284896364
2209.3266696364
2211.0246106364
2212.7208502727
2214.4194979091
2216.1198327273
2217.8127049091
2219.5090450000
2221.2068929091
2222.9057550000
2224.6038399091
2226.3008727273
2227.9974848182
2229.6954250000
2231.3962820000
2233.0917664545
2234.7916375455
2236.4898205455
2238.1879919091
2239.8851184545
2241.5863501818
2243.2813248182
2244.9793427273
2246.6770126364
2248.3758171818
2250.0704919091
2251.7698532727
2253.4707883636
2255.1669195455
2256.8657762727
2258.5642791818
2260.2610022727
2261.9593266364
2263.6583560909
2265.3545832727
2267.0525801818
2268.7524050909
2270.4509472727
2272.1499672727
2273.8482519091
2275.5480352727
2277.2448738182
2278.9427987273
2280.6390318182
2282.3400501818
2284.0361217273
2285.7346619091
2287.4317009091
2289.1305310000
2290.8278548182
2292.5236032727
2294.2225911818
2295.9233615455
2297.6241060909
2299.3237338182
2301.0234375455
2302.7243737273
2304.4226374545
2306.1206832727
2307.8209639091
2309.5189090000
2311.2159640000
2312.9166240909
2314.6125841818
2316.3095479091
2318.0096300909
2319.7103517273
2321.4119287273
2323.1086456364
2324.8095894545
2326.5082640000
2328.2064535455
2329.9058432727
2331.6065757273
2333.3053796364
2335.0027526364
2336.7030080000
2338.4024489091
2340.1026180000
2341.7998671818
2343.4999897273
2345.1991955455
2346.8997168182
2348.5987102727
2350.2970307273
2351.9942499091
2353.6938898182
2355.3904943636
2357.0898180000
2358.7900109091
2360.4897668182
2362.1862429091
2363.8877393636
2365.5851623636
2367.2848578182
2368.9820623636
2370.6816577273
2372.3809055455
2374.0801544545
2375.7796824545
2377.4810504545
2379.1800396364
2380.8770287273
2382.5759570000
2384.2766488182
2385.9787942727
2387.6757386364
2389.3767950000
2391.0769117273
2392.7753166364
2394.4747136364
2396.1750489091
2397.8731580000
2399.5708839091
2401.2732510000
2402.9691103636
2404.6676847273
2406.3672950000
2408.0659746364
2409.7684548182
2411.4667692727
2413.1688395455
2414.8657896364
2416.5651402727
2418.2667480909
2419.9649188182
2421.6649509091
2423.3658850909
2425.0654323636
2426.7646030000
2428.4638262727
2430.1630798182
2431.8612641818
2433.5626020000
2435.2617236364
2436.9617416364
2438.6600768182
2440.3584090000
2442.0609490000
2443.7596580000
2445.4592888182
2447.1570347273
2448.8555700909
2450.5565377273
2452.2567908182
2453.9576849091
2455.6573185455
2457.3583253636
2459.0587390000
2460.7570945455
2462.4554730909
2464.1571914545
2465.8580015455
2467.5564701818
2469.2572688182
2470.9597090000
2472.6579274545
2474.3576598182
2476.0571658182
2477.7570600000
2479.4545192727
2481.1553482727
2482.8566954545
2484.5608877273
2486.2614523636
2487.9629017273
2489.6620574545
2491.3632148182
2493.0649090909
2494.7640831818
2496.4642712727
2498.1650078182
2499.8634472727
2501.5642053636
2503.2666309091
2504.9671550909
2506.6675881818
2508.3700935455
2510.0677171818
2511.7691700000
2513.4701580000
2515.1714649091
2516.8727855455
2518.5742424545
2520.2739694545
2521.9751855455
2523.6768755455
2525.3797109091
2527.0811138182
2528.7842440000
2530.4846283636
2532.1868449091
2533.8894651818
2535.5901961818
2537.2935046364
2538.9957307273
2540.6963909091
2542.3967984545
2544.0968846364
2545.7960656364
2547.4985102727
2549.2028226364
2550.9059391818
2552.6081265455
2554.3090944545
2556.0113346364
2557.7146595455
2559.4161260000
2561.1176017273
2562.8194357273
2564.5243865455
2566.2232830000
2567.9255160909
2569.6278320000
2571.3280877273
2573.0307692727
2574.7320469091
2576.4351465455
2578.1384156364
2579.8435390909
2581.5472456364
2583.2495406364
2584.9528577273
2586.6561520909
2588.3594160909
2590.0648858182
2591.7678206364
2593.4704127273
2595.1738967273
2596.8748589091
2598.5822258182
2600.2853206364
2601.9847430000
2603.6899187273
2605.3913190000
2607.0941237273
2608.7969790909
2610.4983339091
2612.2001181818
2613.9073130909
2615.6092044545
2617.3130555455
2619.0175272727
2620.7170520000
2622.4201757273
2624.1205440000
2625.8253531818
2627.5297490000
2629.2326672727
2630.9384475455
2632.6427139091
2634.3459678182
2636.0497187273
2637.7564623636
2639.4598150000
2641.1627344545
2642.8687830000
2644.5727757273
2646.2754825455
2647.9818867273
2649.6880810909
2651.3931385455
2653.0990143636
2654.8009118182
2656.5053435455
2658.2086346364
2659.9161899091
2661.6199533636
2663.3258676364
2665.0310762727
2666.7362137273
2668.4406629091
2670.1479824545
2671.8524028182
2673.5560372727
2675.2611300000
2676.9670904545
2678.6696111818
2680.3736799091
2682.0806136364
2683.7849083636
2685.4891406364
2687.1948150909
2688.8978435455
2690.6024846364
2692.3093711818
2694.0146031818
2695.7229312727
2697.4304479091
2699.1384338182
2700.8420190909
2702.5479634545
2704.2570053636
2705.9627003636
2707.6704408182
2709.3779206364
2711.0828594545
2712.7916390909
2714.4975816364
2716.2030336364
2717.9097429091
2719.6163862727
2721.3252300000
2723.0308759091
2724.7337125455
2726.4410382727
2728.1468251818
2729.8533924545
2731.5621671818
2733.2711027273
2734.9759702727
2736.6859932727
2738.3960594545
2740.1040277273
2741.8123206364
2743.5203476364
2745.2302374545
2746.9384963636
2748.6469936364
2750.3558895455
2752.0624425455
2753.7734960909
2755.4827338182
2757.1897514545
2758.8998593636
2760.6100554545
2762.3189613636
2764.0275386364
2765.7343827273
2767.4454742727
2769.1527440909
2770.8614383636
2772.5699543636
2774.2772711818
2775.9877470000
2777.6949617273
2779.4045297273
2781.1152391818
2782.8244572727
2784.5348186364
2786.2422560909
2787.9531642727
2789.6627855455
2791.3749703636
2793.0831428182
2794.7924550909
2796.5015590909
2798.2125084545
2799.9224013636
2801.6355251818
2803.3448805455
2805.0564174545
2806.7652576364
2808.4778108182
2810.1884631818
2811.9009841818
2813.6125459091
2815.3252206364
2817.0348397273
2818.7476593636
2820.4589321818
2822.1665267273
2823.8771523636
2825.5895147273
2827.3022331818
2829.0138367273
2830.7262668182
2832.4384387273
2834.1511665455
2835.8608385455
2837.5729060909
2839.2847390000
2840.9954535455
2842.7070957273
2844.4215692727
2846.1318743636
2847.8448834545
2849.5556792727
2851.2678276364
2852.9818357273
2854.6947388182
2856.4100637273
2858.1219729091
2859.8372165455
2861.5497292727
2863.2613920909
2864.9772233636
2866.6898320000
2868.4027919091
2870.1158310000
2871.8277540000
2873.5435697273
2875.2563000000
2876.9704594545
2878.6833063636
2880.3980088182
2882.1096154545
2883.8230191818
2885.5370466364
2887.2508577273
2888.9683478182
2890.6827529091
2892.3997679091
2894.1138060909
2895.8272654545
2897.5417757273
2899.2575187273
2900.9739169091
2902.6883342727
2904.4041227273
2906.1209419091
2907.8380255455
2909.5544965455
2911.2705415455
2912.9845122727
2914.7014725455
2916.4187570909
2918.1345040909
2919.8468253636
2921.5638954545
2923.2798495455
2924.9931376364
2926.7069481818
2928.4230865455
2930.1417753636
2931.8573412727
2933.5731795455
2935.2871843636
2937.0028868182
2938.7164350909
2940.4314606364
2942.1480360000
2943.8624607273
2945.5804485455
2947.2968389091
2949.0135350909
2950.7290288182
2952.4464845455
2954.1622251818
2955.8811893636
2957.6004468182
2959.3185339091
2961.0366498182
2962.7533601818
2964.4714546364
2966.1887162727
2967.9083723636
2969.6266391818
2971.3444010909
2973.0616380909
2974.7784209091
2976.4930174545
2978.2097851818
2979.9280590909
2981.6433248182
2983.3609057273
2985.0787659091
2986.7959308182
2988.5122638182
2990.2309773636
2991.9472652727
2993.6632549091
2995.3811630000
2997.0980222727
2998.8170378182
3000.5347785455
3002.2522798182
3003.9691780000
3005.6866352727
3007.4048623636
3009.1226602727
3010.8393794545
3012.5585957273
3014.2778434545
3015.9950257273
3017.7136639091
3019.4324100000
3021.1514605455
3022.8711071818
3024.5887023636
3026.3066581818
3028.0223459091
3029.7414625455
3031.4594214545
3033.1766585455
3034.8920020909
3036.6125451818
3038.3320774545
3040.0492277273
3041.7698729091
3043.4889706364
3045.2050390909
3046.9278919091
3048.6476320909
3050.3666433636
3052.0870072727
3053.8091015455
3055.5281704545
3057.2469530000
3058.9697712727
3060.6901986364
3062.4102534545
3064.1317257273
3065.8519726364
3067.5700098182
3069.2890574545
3071.0102250000
3072.7319078182
3074.4520956364
3076.1694681818
3077.8907379091
3079.6112271818
3081.3331484545
3083.0540443636
3084.7733746364
3086.4950192727
3088.2115771818
3089.9313267273
3091.6549130000
3093.3771128182
3095.0953232727
3096.8148329091
3098.5355215455
3100.2562046364
3101.9783620000
3103.6980220909
3105.4195160000
3107.1404106364
3108.8633792727
3110.5859109091
3112.3035225455
3114.0262648182
3115.7473034545
3117.4692856364
3119.1902380000
3120.9140460000
3122.6364747273
3124.3599120909
3126.0816449091
3127.8004930000
3129.5212535455
3131.2441675455
3132.9665371818
3134.6889579091
3136.4112361818
3138.1336409091
3139.8584533636
3141.5796949091
3143.3046560000
3145.0269890909
3146.7514370909
3148.4739992727
3150.1945619091
3151.9154050909
3153.6391730000
3155.3602239091
3157.0852705455
3158.8094215455
3160.5306303636
3162.2531985455
3163.9783090000
3165.7006750909
3167.4221954545
3169.1421247273
3170.8660237273
3172.5868890909
3174.3088347273
3176.0308002727
3177.7542402727
3179.4779672727
3181.1994236364
3182.9200810909
3184.6436380000
3186.3663799091
3188.0904095455
3189.8127313636
3191.5365280000
3193.2585471818
3194.9822448182
3196.7051768182
3198.4276444545
3200.1510820909
3201.8745834545
3203.5991674545
3205.3228140000
3207.0470616364
3208.7711218182
3210.4941571818
3212.2176091818
3213.9423714545
3215.6690472727
3217.3947632727
3219.1234075455
3220.8462506364
3222.5723720000
3224.2984634545
3226.0250529091
3227.7528652727
3229.4778019091
3231.2029820909
3232.9294260909
3234.6537495455
3236.3787978182
3238.1049448182
3239.8312331818
3241.5589371818
3243.2868934545
3245.0114016364
3246.7364000000
3248.4627994545
3250.1902304545
3251.9134741818
3253.6406160909
3255.3670210909
3257.0970490909
3258.8233424545
3260.5509874545
3262.2755451818
3264.0012438182
3265.7304825455
3267.4570070909
3269.1856896364
3270.9135880909
3272.6401060000
3274.3666529091
3276.0963904545
3277.8258870909
3279.5528510000
3281.2810569091
3283.0108731818
3284.7391576364
3286.4652529091
3288.1927022727
3289.9218140909
3291.6492247273
3293.3774591818
3295.1039160909
3296.8317032727
3298.5590114545
3300.2869601818
3302.0134780909
3303.7423705455
3305.4713309091
3307.2000410909
3308.9279750000
3310.6588207273
3312.3869920909
3314.1145302727
3315.8411416364
3317.5709831818
3319.2997124545
3321.0285437273
3322.7552604545
3324.4821565455
3326.2124891818
3327.9395425455
3329.6700055455
3331.3980203636
3333.1275574545
3334.8603864545
3336.5872897273
3338.3159130000
3340.0422820909
3341.7724852727
3343.5014753636
3345.2293943636
3346.9608758182
3348.6890410909
3350.4200740000
3352.1467816364
3353.8787621818
3355.6108622727
3357.3425269091
3359.0743674545
3360.8032440000
3362.5328130000
3364.2618321818
3365.9899535455
3367.7195697273
3369.4484010000
3371.1781329091
3372.9055858182
3374.6364246364
3376.3658220000
3378.0962170000
3379.8292940000
3381.5581077273
3383.2872141818
3385.0173615455
3386.7481113636
3388.4763873636
3390.2063011818
3391.9374454545
3393.6664674545
3395.3982314545
3397.1282610909
3398.8609346364
3400.5933345455
3402.3230490909
3404.0522590000
3405.7816064545
3407.5115208182
3409.2421610909
3410.9729981818
3412.7060842727
3414.4359552727
3416.1691202727
3417.8983795455
3419.6308460000
3421.3628945455
3423.0923627273
3424.8218505455
3426.5512584545
3428.2802335455
3430.0110141818
3431.7422204545
3433.4751779091
3435.2079692727
3436.9400474545
3438.6717864545
3440.4014676364
3442.1341905455
3443.8638752727
3445.5939140000
3447.3246709091
3449.0549477273
3450.7850204545
3452.5149278182
3454.2471971818
3455.9766657273
3457.7071442727
3459.4404055455
3461.1722427273
3462.9015616364
3464.6331660000
3466.3628936364
3468.0940830909
3469.8263375455
3471.5580426364
3473.2894138182
3475.0205007273
3476.7532417273
3478.4834966364
3480.2137738182
3481.9439113636
3483.6745251818
3485.4025970000
3487.1311212727
3488.8644931818
3490.5946143636
3492.3271238182
3494.0543592727
3495.7842589091
3497.5143231818
3499.2456923636
3500.9755824545
3502.7059241818
3504.4355695455
3506.1655931818
3507.8974220000
3509.6278411818
3511.3574889091
3513.0869093636
3514.8144783636
3516.5453187273
3518.2777641818
3520.0057619091
3521.7339932727
3523.4660668182
3525.1962133636
3526.9258670909
3528.6544690909
3530.3867922727
3532.1160612727
3533.8435154545
3535.5775294545
3537.3069131818
3539.0368794545
3540.7642830909
3542.4926991818
3544.2208921818
3545.9489881818
3547.6804527273
3549.4060414545
3551.1352861818
3552.8648139091
3554.5935577273
3556.3187573636
3558.0487552727
3559.7778603636
3561.5063672727
3563.2331407273
3564.9593382727
3566.6881564545
3568.4147888182
3570.1443378182
3571.8735361818
3573.6021543636
3575.3274550909
3577.0552256364
3578.7830988182
3580.5112073636
3582.2383108182
3583.9633918182
3585.6938265455
3587.4223924545
3589.1494298182
3590.8753688182
3592.6024770000
3594.3288720909
3596.0548383636
3597.7830764545
3599.5083181818
3601.2349786364
3602.9591653636
3604.6848811818
3606.4119504545
3608.1374193636
3609.8629582727
3611.5882343636
3613.3142224545
3615.0390945455
3616.7617481818
3618.4828711818
3620.2045341818
3621.9311386364
3623.6548032727
3625.3776093636
3627.1005100909
3628.8248414545
3630.5474725455
3632.2713629091
3633.9951820909
3635.7160342727
3637.4400089091
3639.1632194545
3640.8863025455
3642.6108821818
3644.3343425455
3646.0540259091
3647.7763804545
3649.4971674545
3651.2188998182
3652.9409584545
3654.6620821818
3656.3827231818
3658.1002795455
3659.8186500000
3661.5392174545
3663.2604061818
3664.9813362727
3666.7006731818
3668.4200967273
3670.1376823636
3671.8578876364
3673.5795410909
3675.2961095455
3677.0147763636
3678.7325194545
3680.4513913636
3682.1694624545
3683.8860160000
3685.6031300909
3687.3205661818
3689.0376198182
3690.7542888182
3692.4695010000
3694.1855411818
3695.9031785455
3697.6189561818
3699.3330594545
3701.0466436364
3702.7608904545
3704.4759561818
3706.1888754545
3707.9054014545
3709.6175834545
3711.3331405455
3713.0446216364
3714.7561997273
3716.4698285455
3718.1803446364
3719.8920333636
3721.6060900909
3723.3207830000
3725.0325276364
3726.7455828182
3728.4579448182
3730.1695364545
3731.8810938182
3733.5908055455
3735.3018121818
3737.0142483636
3738.7254095455
3740.4338056364
3742.1420897273
3743.8530922727
3745.5619052727
3747.2672784545
3748.9747035455
3750.6854648182
3752.3927030000
3754.1010670000
3755.8083961818
3757.5136639091
3759.2233008182
3760.9286844545
3762.6360140909
3764.3425241818
3766.0450758182
3767.7497618182
3769.4531180000
3771.1586761818
3772.8612195455
3774.5649369091
3776.2693590909
3777.9719024545
3779.6761573636
3781.3796646364
3783.0827434545
3784.7826953636
3786.4844737273
3788.1845008182
3789.8875765455
3791.5894212727
3793.2895771818
3794.9879602727
3796.6875699091
3798.3853948182
3800.0840210000
3801.7835897273
3803.4839787273
3805.1824447273
3806.8800727273
3808.5755584545
3810.2741544545
3811.9722861818
3813.6678904545
3815.3655488182
3817.0621476364
3818.7576595455
3820.4525628182
3822.1491782727
3823.8445489091
3825.5373747273
3827.2328620909
3828.9298940909
3830.6215445455
3832.3159990909
3834.0089018182
3835.6990182727
3837.3905238182
3839.0799692727
3840.7693698182
3842.4600964545
3844.1497901818
3845.8413749091
3847.5318106364
3849.2206070000
3850.9071365455
3852.5977610909
3854.2857198182
3855.9735650000
3857.6599393636
3859.3434851818
3861.0290869091
3862.7126643636
3864.3995247273
3866.0841489091
3867.7691670000
3869.4522354545
3871.1355523636
3872.8181386364
3874.5008444545
3876.1812298182
3877.8642561818
3879.5440092727
3881.2262850909
3882.9053755455
3884.5856060909
3886.2643349091
3887.9449641818
3889.6216950909
3891.3008268182
3892.9785763636
3894.6579529091
3896.3368111818
3898.0137120909
3899.6885086364
3901.3668064545
3903.0385630909
3904.7158761818
3906.3906972727
3908.0659440909
3909.7381460909
3911.4107200000
3913.0820308182
3914.7545540000
3916.4237241818
3918.0952570909
3919.7634901818
3921.4315525455
3923.1042005455
3924.7729615455
3926.4417228182
3928.1108000000
3929.7785432727
3931.4462097273
3933.1128419091
3934.7794165455
3936.4454594545
3938.1116549091
3939.7757336364
3941.4415226364
3943.1053810909
3944.7693705455
3946.4291386364
3948.0917922727
3949.7556275455
3951.4128910000
3953.0748358182
3954.7350641818
3956.3930729091
3958.0523048182
3959.7121720909
3961.3700199091
3963.0246292727
3964.6819057273
3966.3371978182
3967.9914042727
3969.6438090000
3971.3012874545
3972.9551616364
3974.6084290000
3976.2611259091
3977.9135141818
3979.5681862727
3981.2209917273
3982.8716657273
3984.5193734545
3986.1672639091
3987.8151981818
3989.4615324545
3991.1058652727
3992.7527850000
3994.3989580909
3996.0437801818
3997.6879730909
3999.3310215455
4000.9736591818
4002.6188248182
4004.2648058182
4005.9082510909
4007.5503417273
4009.1888797273
4010.8312620909
4012.4691566364
4014.1084400909
4015.7463153636
4017.3831121818
4019.0225645455
4020.6564303636
4022.2942673636
4023.9303826364
4025.5623779091
4027.1984715455
4028.8328770000
4030.4659171818
4032.0973560909
4033.7310720000
4035.3607590909
4036.9932960909
4038.6209284545
4040.2517683636
4041.8793370000
4043.5056544545
4045.1341157273
4046.7604369091
4048.3848270000
4050.0088184545
4051.6339268182
4053.2586003636
4054.8819127273
4056.5027372727
4058.1251101818
4059.7461001818
4061.3664356364
4062.9856139091
4064.6038788182
4066.2190134545
4067.8375550909
4069.4518920000
4071.0675568182
4072.6844067273
4074.3004069091
4075.9132162727
4077.5260988182
4079.1374915455
4080.7480922727
4082.3589357273
4083.9699790909
4085.5808281818
4087.1900770909
4088.7991497273
4090.4071976364
4092.0140074545
4093.6187604545
4095.2273219091
4096.8324588182
4098.4352135455
4100.0382509091
4101.6397106364
4103.2403953636
4104.8400279091
4106.4383172727
4108.0366386364
4109.6335701818
4111.2332397273
4112.8309870909
4114.4268328182
4116.0217492727
4117.6167834545
4119.2131098182
4120.8074272727
4122.4009911818
4123.9952740000
4125.5865568182
4127.1765751818
4128.7667001818
4130.3527202727
4131.9434218182
4133.5316931818
4135.1177217273
4136.7053570909
4138.2901760000
4139.8737463636
4141.4571283636
4143.0377942727
4144.6163817273
4146.1968217273
4147.7756732727
4149.3545020909
4150.9337817273
4152.5116617273
4154.0869242727
4155.6606674545
4157.2339200000
4158.8065095455
4160.3799044545
4161.9551816364
4163.5277571818
4165.1018685455
4166.6709663636
4168.2389604545
4169.8083745455
4171.3756660909
4172.9428576364
4174.5096407273
4176.0753967273
4177.6390273636
4179.2036075455
4180.7657397273
4182.3273868182
4183.8878770000
4185.4475783636
4187.0045042727
4188.5624810000
4190.1180798182
4191.6737158182
4193.2283504545
4194.7846550909
4196.3357596364
4197.8863564545
4199.4419554545
4200.9928472727
4202.5431181818
4204.0885839091
4205.6351955455
4207.1818047273
4208.7270383636
4210.2694658182
4211.8149109091
4213.3559780000
4214.8981680909
4216.4409614545
4217.9804813636
4219.5218991818
4221.0588753636
4222.5954595455
4224.1314835455
4225.6667653636
4227.2025256364
4228.7364128182
4230.2702155455
4231.7993277273
4233.3308270909
4234.8604605455
4236.3874400000
4237.9138566364
4239.4395460909
4240.9641330909
4242.4877612727
4244.0095442727
4245.5309933636
4247.0538726364
4248.5747087273
4250.0915623636
4251.6093930909
4253.1252152727
4254.6387835455
4256.1555189091
4257.6697470909
4259.1839208182
4260.6965585455
4262.2089774545
4263.7169170000
4265.2264220000
4266.7348978182
4268.2436750000
4269.7482344545
4271.2519234545
4272.7549251818
4274.2559530909
4275.7565918182
4277.2563128182
4278.7539970909
4280.2503160000
4281.7462440000
4283.2426038182
4284.7367097273
4286.2295531818
4287.7200565455
4289.2114535455
4290.7017989091
4292.1921331818
4293.6793797273
4295.1663618182
4296.6532430000
4298.1391312727
4299.6239234545
4301.1081535455
4302.5870837273
4304.0667459091
4305.5462886364
4307.0254089091
4308.5041779091
4309.9807641818
4311.4527287273
4312.9253226364
4314.3962305455
4315.8673913636
4317.3378087273
4318.8070118182
4320.2725304545
4321.7388960909
4323.2026492727
4324.6682793636
4326.1318073636
4327.5925954545
4329.0530764545
4330.5101783636
4331.9670628182
4333.4218331818
4334.8745430000
4336.3277418182
4337.7788253636
4339.2328308182
4340.6831265455
4342.1308395455
4343.5775700909
4345.0251463636
4346.4702500909
4347.9157470909
4349.3580703636
4350.7983248182
4352.2381385455
4353.6746694545
4355.1091055455
4356.5440500909
4357.9790821818
4359.4110298182
4360.8436052727
4362.2746480000
4363.7038224545
4365.1303594545
4366.5562375455
4367.9799652727
4369.4047433636
4370.8296047273
4372.2528389091
4373.6747932727
4375.0943102727
4376.5128901818
4377.9293067273
4379.3439040000
4380.7569830909
4382.1703377273
4383.5816752727
4384.9900797273
4386.3978511818
4387.8045722727
4389.2101016364
4390.6145670909
4392.0159071818
4393.4170787273
4394.8155584545
4396.2138818182
4397.6099695455
4399.0071349091
4400.4001983636
4401.7922332727
4403.1817760909
4404.5705616364
4405.9592983636
4407.3475081818
4408.7324021818
4410.1162690000
4411.4997462727
4412.8808791818
4414.2589940000
4415.6361080909
4417.0148633636
4418.3893489091
4419.7627845455
4421.1346240000
4422.5046488182
4423.8732449091
4425.2413302727
4426.6065409091
4427.9723572727
4429.3348961818
4430.6968945455
4432.0577005455
4433.4164589091
4434.7756311818
4436.1312287273
4437.4845610000
4438.8364420909
4440.1876120000
4441.5404060909
4442.8888960000
4444.2345357273
4445.5806848182
4446.9255228182
4448.2664662727
4449.6075829091
4450.9474258182
4452.2849315455
4453.6215231818
4454.9555450909
4456.2863092727
4457.6165675455
4458.9458663636
4460.2737115455
4461.5997652727
4462.9249564545
4464.2452170000
4465.5659546364
4466.8858790000
4468.2021682727
4469.5192489091
4470.8324866364
4472.1450260909
4473.4565650000
4474.7643935455
4476.0716987273
4477.3769887273
4478.6823045455
4479.9843214545
4481.2833312727
4482.5842632727
4483.8830314545
4485.1806534545
4486.4767863636
4487.7711127273
4489.0624934545
4490.3512871818
4491.6384816364
4492.9245502727
4494.2059886364
4495.4877207273
4496.7694925455
4498.0479531818
4499.3252198182
4500.5991390909
4501.8720505455
4503.1440800000
4504.4156179091
4505.6836328182
4506.9518053636
4508.2158051818
4509.4791490909
4510.7398424545
4511.9984627273
4513.2562560000
4514.5136308182
4515.7674058182
4517.0201194545
4518.2719225455
4519.5196335455
4520.7670661818
4522.0131169091
4523.2531217273
4524.4937418182
4525.7337816364
4526.9706411818
4528.2039140909
4529.4360778182
4530.6656079091
4531.8939939091
4533.1213590909
4534.3474621818
4535.5716589091
4536.7957645455
4538.0159270909
4539.2334685455
4540.4518612727
4541.6653867273
4542.8771420000
4544.0877645455
4545.2941988182
4546.4989353636
4547.7035938182
4548.9061290909
4550.1054491818
4551.3030409091
4552.4990575455
4553.6954047273
4554.8868860909
4556.0768574545
4557.2648600909
4558.4511000000
4559.6373368182
4560.8182582727
4561.9985030909
4563.1770221818
4564.3559883636
4565.5294901818
4566.7017771818
4567.8705601818
4569.0376329091
4570.2018066364
4571.3634821818
4572.5240667273
4573.6822181818
4574.8403455455
4575.9943938182
4577.1483435455
4578.2978059091
4579.4448613636
4580.5910711818
4581.7350588182
4582.8769984545
4584.0178794545
4585.1567810000
4586.2926187273
4587.4270917273
4588.5574428182
4589.6852048182
4590.8117180909
4591.9347010909
4593.0581178182
4594.1787633636
4595.2978192727
4596.4134279091
4597.5283300000
4598.6378727273
4599.7475799091
4600.8567479091
4601.9628488182
4603.0647144545
4604.1640401818
4605.2628270909
4606.3570243636
4607.4507636364
4608.5417768182
4609.6322253636
4610.7181630909
4611.8016140909
4612.8822836364
4613.9606312727
4615.0363770000
4616.1091544545
4617.1802035455
4618.2487814545
4619.3156768182
4620.3797741818
4621.4415110909
4622.5040393636
4623.5638189091
4624.6174433636
4625.6725365455
4626.7237422727
4627.7721937273
4628.8187980000
4629.8616410000
4630.9045410000
4631.9430038182
4632.9790263636
4634.0116324545
4635.0437893636
4636.0706480000
4637.0966634545
4638.1216200000
4639.1409550000
4640.1604079091
4641.1760232727
4642.1885363636
4643.2013405455
4644.2082169091
4645.2143568182
4646.2179755455
4647.2195356364
4648.2195762727
4649.2141027273
4650.2081028182
4651.1959333636
4652.1824528182
4653.1661851818
4654.1488590000
4655.1304616364
4656.1083235455
4657.0827378182
4658.0536050909
4659.0228461818
4659.9899844545
4660.9549470000
4661.9155856364
4662.8750785455
4663.8294477273
4664.7809646364
4665.7329125455
4666.6800419091
4667.6241320000
4668.5642788182
4669.5069761818
4670.4431538182
4671.3784448182
4672.3078914545
4673.2363686364
4674.1629935455
4675.0869389091
4676.0075647273
4676.9247933636
4677.8391336364
4678.7504482727
4679.6573942727
4680.5624398182
4681.4631785455
4682.3648368182
4683.2628326364
4684.1570310000
4685.0493113636
4685.9373451818
4686.8243269091
4687.7070417273
4688.5860588182
4689.4637904545
4690.3352533636
4691.2071272727
4692.0739104545
4692.9387171818
4693.8000030909
4694.6606299091
4695.5171950000
4696.3711516364
4697.2220269091
4698.0692972727
4698.9134682727
4699.7540079091
4700.5931190000
4701.4289460909
4702.2598451818
4703.0893680000
4703.9142186364
4704.7400766364
4705.5599592727
4706.3756351818
4707.1884120909
4707.9986196364
4708.8062703636
4709.6106131818
4710.4119215455
4711.2086754545
4712.0050102727
4712.7955746364
4713.5822836364
4714.3655539091
4715.1467344545
4715.9241774545
4716.6993306364
4717.4713152727
4718.2394834545
4719.0044791818
4719.7658395455
4720.5237271818
4721.2771937273
4722.0301081818
4722.7771189091
4723.5206879091
4724.2609901818
4724.9981646364
4725.7326143636
4726.4623644545
4727.1903907273
4727.9162218182
4728.6363180909
4729.3535739091
4730.0667494545
4730.7770355455
4731.4837181818
4732.1865307273
4732.8861705455
4733.5818640909
4734.2752927273
4734.9626636364
4735.6485357273
4736.3318285455
4737.0108390909
4737.6863023636
4738.3582533636
4739.0264355455
4739.6900470000
4740.3518628182
4741.0091080909
4741.6640099091
4742.3152501818
4742.9611735455
4743.6036752727
4744.2421331818
4744.8776102727
4745.5096631818
4746.1364560000
4746.7611729091
4747.3806815455
4747.9968660000
4748.6099328182
4749.2181938182
4749.8212986364
4750.4217680909
4751.0191779091
4751.6117520909
4752.2014470909
4752.7882755455
4753.3685220000
4753.9482207273
4754.5219018182
4755.0916848182
4755.6564809091
4756.2175879091
4756.7766348182
4757.3305236364
4757.8824219091
4758.4286149091
4758.9700710909
4759.5086651818
4760.0406575455
4760.5710965455
4761.0959826364
4761.6158837273
4762.1331230909
4762.6469928182
4763.1564524545
4763.6589329091
4764.1609359091
4764.6575444545
4765.1495610909
4765.6371499091
4766.1221370000
4766.6023086364
4767.0781146364
4767.5500186364
4768.0168463636
4768.4791378182
4768.9379650909
4769.3934993636
4769.8421703636
4770.2852824545
4770.7254574545
4771.1624546364
4771.5939678182
4772.0202786364
4772.4409292727
4772.8567160000
4773.2701301818
4773.6781765455
4774.0832963636
4774.4818245455
4774.8766250000
4775.2664967273
4775.6531130909
4776.0317531818
4776.4085722727
4776.7804639091
4777.1476913636
4777.5094000000
4777.8663408182
4778.2187306364
4778.5654834545
4778.9076255455
4779.2455757273
4779.5781628182
4779.9073395455
4780.2296757273
4780.5473420909
4780.8615702727
4781.1707447273
4781.4746230909
4781.7715295455
4782.0660877273
4782.3534803636
4782.6386362727
4782.9164288182
4783.1885350909
4783.4564520909
4783.7203237273
4783.9768222727
4784.2286843636
4784.4761060909
4784.7184721818
4784.9548130000
4785.1869594545
4785.4118756364
4785.6327519091
4785.8465825455
4786.0563874545
4786.2614447273
4786.4596971818
4786.6519503636
4786.8374620000
4787.0177455455
4787.1940454545
4787.3645557273
4787.5276035455
4787.6851130000
4787.8380700909
4787.9858804545
4788.1269621818
4788.2633473636
4788.3916540000
4788.5162568182
4788.6336290000
4788.7459444545
4788.8518196364
4788.9540060909
4789.0475916364
4789.1333792727
4789.2145458182
4789.2903605455
4789.3598037273
4789.4245523636
4789.4823133636
4789.5328100909
4789.5757094545
4789.6134130000
4789.6457774545
4789.6720071818
4789.6904300000
4789.7050798182
4789.7112708182
4789.7104400000
4789.7029316364
4789.6876427273
4789.6678822727
4789.6391172727
4789.6044948182
4789.5638169091
4789.5151970000
4789.4618497273
4789.4029309091
4789.3337227273
4789.2585447273
4789.1762874545
4789.0870250000
4788.9895338182
4788.8865012727
4788.7747781818
4788.6557513636
4788.5291700909
4788.3965473636
4788.2562857273
4788.1084085455
4787.9537107273
4787.7912620909
4787.6220277273
4787.4444914545
4787.2584870000
4787.0650553636
4786.8631040000
4786.6532979091
4786.4362360909
4786.2113822727
4785.9764874545
4785.7330285455
4785.4808840909
4785.2232323636
4784.9557676364
4784.6813327273
4784.3980865455
4784.1040000000
4783.8038197273
4783.4918222727
4783.1731542727
4782.8467620000
4782.5116104545
4782.1664502727
4781.8126035455
4781.4497904545
4781.0788615455
4780.6965370909
4780.3056437273
4779.9062280909
4779.4961866364
4779.0738611818
4778.6449640000
4778.2048073636
4777.7556211818
4777.2950663636
4776.8257306364
4776.3463860000
4775.8562519091
4775.3566059091
4774.8446171818
4774.3240823636
4773.7924451818
4773.2504250909
4772.6968460000
4772.1304497273
4771.5564480000
4770.9738500000
4770.3770238182
4769.7648870000
4769.1449900000
4768.5115607273
4767.8677747273
4767.2104458182
4766.5437101818
4765.8627358182
4765.1683060000
4764.4632656364
4763.7438198182
4763.0095420000
4762.2640420909
4761.5066683636
4760.7366416364
4759.9504814545
4759.1531530000
4758.3383079091
4757.5123309091
4756.6721786364
4755.8189613636
4754.9505019091
4754.0635358182
4753.1612063636
4752.2415150909
4751.3104370000
4750.3668922727
4749.4056722727
4748.4280203636
4747.4323943636
4746.4213077273
4745.3935330909
4744.3467235455
4743.2791473636
4742.1951625455
4741.0897894545
4739.9726706364
4738.8326997273
4737.6775384545
4736.5007651818
4735.3032769091
4734.0855380909
4732.8476574545
4731.5876398182
4730.3107123636
4729.0072570909
4727.6770035455
4726.3251529091
4724.9561257273
4723.5582268182
4722.1332023636
4720.6827739091
4719.2103511818
4717.7043795455
4716.1796543636
4714.6200711818
4713.0310933636
4711.4190322727
4709.7709767273
4708.0905500000
4706.3802458182
4704.6386154545
4702.8564269091
4701.0379839091
4699.1827589091
4697.2841475455
4695.3456790000
4693.3620452727
4691.3356327273
4689.2662124545
4687.1445658182
4684.9774459091
4682.7514679091
4680.4683231818
4678.1252910909
4675.7137946364
4673.2350020000
4670.6772945455
4668.0456538182
4665.3186462727
4662.5043421818
4659.5781386364
4656.5352807273
4653.3595203636
4650.0384615455
4646.5287348182
4642.7910685455
4638.7720899091
4634.3341420909
4629.2105320000
