2.3025850000
12.3196982000
13.0100359000
15.0940597000
21.6429105000
16.8802907000
23.0397842000
25.1151118000
30.5632896000
27.1951997000
32.3798542000
34.4424687000
39.1986341000
36.7509029000
41.3160579000
43.3614251000
47.6073024000
45.8583628000
49.9735579000
51.9941216000
55.8343201000
54.6561068000
58.4093845000
60.4084483000
63.9128720000
63.2043918000
66.6633790000
68.6391444000
71.8646490000
71.5536481000
74.7708415000
76.7228048000
79.7054063000
79.7434662000
82.7497291000
84.6757767000
87.4441207000
87.7928581000
90.6185470000
92.5190141000
95.1049244000
95.7207755000
98.3852193000
100.2631560000
102.6919921000
103.5375358000
106.0634502000
107.9189273000
110.2147929000
111.2559834000
113.6632492000
115.4967321000
117.6781430000
118.8868466000
121.1853224000
123.0040682000
125.0917662000
126.4355703000
128.6433022000
130.4494107000
132.4619056000
133.9167532000
136.0428672000
137.8329779000
139.7877418000
141.3301203000
143.3832843000
145.1655442000
147.0712405000
148.6795092000
150.6742462000
152.4465431000
154.3125129000
155.9729843000
157.9195193000
159.6825336000
161.5236735000
163.2155992000
165.1152196000
166.8765432000
168.6935806000
170.4106744000
172.2757056000
174.0312272000
175.8283151000
177.5582714000
179.3957151000
181.1459900000
182.9304940000
184.6687852000
186.4781961000
188.2237559000
189.9971102000
191.7364239000
193.5256574000
195.2679487000
197.0293035000
198.7697511000
200.5405796000
202.2769885000
204.0298234000
205.7664764000
207.5225432000
209.2544319000
210.9985143000
212.7320369000
214.4750840000
216.2010975000
217.9379444000
219.6648486000
221.3985369000
223.1195917000
224.8466733000
226.5675399000
228.2934183000
230.0086747000
231.7275246000
233.4426862000
235.1600878000
236.8693616000
238.5815669000
240.2919298000
242.0005107000
243.7039905000
245.4110326000
247.1138603000
248.8144547000
250.5134679000
252.2135352000
253.9100415000
255.6062760000
257.2988731000
258.9923039000
260.6829634000
262.3732423000
264.0589971000
265.7455997000
267.4314318000
269.1143032000
270.7973593000
272.4790436000
274.1581146000
275.8353937000
277.5131034000
279.1910398000
280.8636574000
282.5371180000
284.2084512000
285.8788127000
287.5475800000
289.2149996000
290.8817090000
292.5480239000
294.2103593000
295.8736077000
297.5330057000
299.1954724000
300.8534810000
302.5101094000
304.1679462000
305.8238713000
307.4769787000
309.1305099000
310.7819204000
312.4335283000
314.0823690000
315.7314964000
317.3782418000
319.0251726000
320.6699505000
322.3142762000
323.9564673000
325.5988590000
327.2399226000
328.8792335000
330.5183561000
332.1545604000
333.7908915000
335.4261386000
337.0601590000
338.6925639000
340.3259803000
341.9564337000
343.5860222000
345.2157866000
346.8431500000
348.4709651000
350.0968722000
351.7217806000
353.3461205000
354.9688678000
356.5928350000
358.2127064000
359.8333070000
361.4532888000
363.0708324000
364.6883883000
366.3055608000
367.9205871000
369.5338729000
371.1488848000
372.7613962000
374.3736007000
375.9845312000
377.5947143000
379.2038170000
380.8112491000
382.4198634000
384.0260317000
385.6323240000
387.2364728000
388.8403247000
390.4436427000
392.0463287000
393.6470057000
395.2478627000
396.8469515000
398.4456377000
400.0440467000
401.6401881000
403.2373989000
404.8338824000
406.4280250000
408.0211473000
409.6152399000
411.2069694000
412.7986559000
414.3895265000
415.9813627000
417.5693949000
419.1581255000
420.7454525000
422.3338057000
423.9193627000
425.5043810000
427.0900929000
428.6741003000
430.2570774000
431.8406820000
433.4215526000
435.0020078000
436.5838718000
438.1629175000
439.7409555000
441.3196129000
442.8971202000
444.4730405000
446.0491361000
447.6245728000
449.1982837000
450.7726409000
452.3456352000
453.9194888000
455.4905143000
457.0618785000
458.6309549000
460.2035360000
461.7715130000
463.3400138000
464.9067617000
466.4745443000
468.0404620000
469.6064699000
471.1716726000
472.7354655000
474.2994523000
475.8630824000
477.4256604000
478.9876114000
480.5490925000
482.1101965000
483.6697123000
485.2284946000
486.7878625000
488.3456088000
489.9025568000
491.4597177000
493.0164967000
494.5717227000
496.1267893000
497.6817865000
499.2360720000
500.7891615000
502.3409530000
503.8933132000
505.4466178000
506.9969503000
508.5469640000
510.0969394000
511.6458926000
513.1945821000
514.7423528000
516.2906901000
517.8372967000
519.3836420000
520.9295102000
522.4744451000
524.0184596000
525.5627809000
527.1065857000
528.6487471000
530.1918853000
531.7339440000
533.2750909000
534.8171197000
536.3566738000
537.8967528000
539.4349330000
540.9742299000
542.5132800000
544.0501092000
545.5867732000
547.1233562000
548.6593882000
550.1951449000
551.7299176000
553.2644597000
554.7989494000
556.3325397000
557.8657365000
559.3984953000
560.9304605000
562.4618589000
563.9939586000
565.5234284000
567.0538281000
568.5838426000
570.1134748000
571.6412583000
573.1702922000
574.6988013000
576.2256781000
577.7515138000
579.2790699000
580.8038676000
582.3292904000
583.8541999000
585.3790238000
586.9029448000
588.4267129000
589.9487652000
591.4721872000
592.9943842000
594.5158266000
596.0371166000
597.5570108000
599.0770968000
600.5979105000
602.1168718000
603.6363647000
605.1546565000
606.6727483000
608.1904059000
609.7086899000
611.2242580000
612.7409900000
614.2570021000
615.7725946000
617.2872458000
618.8019231000
620.3158278000
621.8306794000
623.3432627000
624.8568963000
626.3690541000
627.8811624000
629.3934552000
630.9047474000
632.4161464000
633.9262846000
635.4366659000
636.9463723000
638.4556004000
639.9649628000
641.4727307000
642.9812627000
644.4890375000
645.9963727000
647.5036367000
649.0089790000
650.5158129000
652.0211802000
653.5261626000
655.0312026000
656.5363516000
658.0397387000
659.5440994000
661.0463580000
662.5503429000
664.0543353000
665.5549764000
667.0577556000
668.5600097000
670.0615035000
671.5614477000
673.0632442000
674.5631383000
676.0632011000
677.5630043000
679.0616852000
680.5603283000
682.0582847000
683.5564752000
685.0539068000
686.5512972000
688.0473358000
689.5448964000
691.0415053000
692.5365498000
694.0314930000
695.5267790000
697.0221391000
698.5164122000
700.0100340000
701.5041936000
702.9982877000
704.4911864000
705.9839452000
707.4766661000
708.9687215000
710.4609271000
711.9522256000
713.4434100000
714.9340889000
716.4245509000
717.9141418000
719.4044377000
720.8937672000
722.3821506000
723.8715110000
725.3595685000
726.8473910000
728.3357980000
729.8226965000
731.3095754000
732.7969809000
734.2831083000
735.7704204000
737.2561564000
738.7409304000
740.2267948000
741.7118684000
743.1967399000
744.6810649000
746.1652292000
747.6496872000
749.1332761000
750.6169500000
752.0991438000
753.5821709000
755.0651425000
756.5469654000
758.0282260000
759.5098707000
760.9905142000
762.4711682000
763.9521133000
765.4316447000
766.9122339000
768.3917584000
769.8707356000
771.3497671000
772.8288650000
774.3072040000
775.7850092000
777.2631201000
778.7411070000
780.2186017000
781.6951029000
783.1719841000
784.6487016000
786.1253863000
787.6012804000
789.0766996000
790.5522759000
792.0274421000
793.5028895000
794.9772322000
796.4512236000
797.9257264000
799.4001791000
800.8736161000
802.3468619000
803.8199581000
805.2923643000
806.7649981000
808.2372809000
809.7092514000
811.1815971000
812.6533017000
814.1244292000
815.5947540000
817.0655259000
818.5356790000
820.0064231000
821.4757951000
822.9457408000
824.4158534000
825.8846046000
827.3536858000
828.8232594000
830.2911673000
831.7589664000
833.2272012000
834.6957154000
836.1630532000
837.6299544000
839.0970539000
840.5645086000
842.0300144000
843.4961636000
844.9624362000
846.4286191000
847.8947769000
849.3601358000
850.8250120000
852.2901397000
853.7545919000
855.2200210000
856.6837893000
858.1476840000
859.6110724000
861.0754679000
862.5381228000
864.0016939000
865.4647870000
866.9271819000
868.3895895000
869.8520820000
871.3140078000
872.7754299000
874.2373413000
875.6989464000
877.1597451000
878.6204100000
880.0811696000
881.5410416000
883.0010326000
884.4615548000
885.9216002000
887.3810679000
888.8405680000
890.2994038000
891.7581130000
893.2168202000
894.6757991000
896.1336537000
897.5918697000
899.0499867000
900.5071993000
901.9649168000
903.4216194000
904.8787863000
906.3358411000
907.7924479000
909.2487361000
910.7045504000
912.1614655000
913.6170641000
915.0727257000
916.5280780000
917.9837071000
919.4381438000
920.8926919000
922.3484237000
923.8020089000
925.2562823000
926.7107144000
928.1643504000
929.6179565000
931.0713537000
932.5242888000
933.9777491000
935.4310039000
936.8845360000
938.3373674000
939.7893238000
941.2421464000
942.6940646000
944.1454128000
945.5971118000
947.0488874000
948.5007450000
949.9512451000
951.4021331000
952.8535023000
954.3042108000
955.7547577000
957.2049640000
958.6552720000
960.1051694000
961.5549489000
963.0041623000
964.4540579000
965.9031537000
967.3520523000
968.8008655000
970.2498924000
971.6980643000
973.1463367000
974.5950850000
976.0427777000
977.4909253000
978.9387999000
980.3854945000
981.8331824000
983.2808434000
984.7269667000
986.1744674000
987.6211170000
989.0676293000
990.5138640000
991.9605433000
993.4062001000
994.8521171000
996.2984834000
997.7440434000
999.1893768000
1000.6345211000
1002.0803022000
1003.5245977000
1004.9702510000
1006.4148065000
1007.8589574000
1009.3031527000
1010.7476933000
1012.1917814000
1013.6353754000
1015.0792727000
1016.5222529000
1017.9663389000
1019.4098782000
1020.8526953000
1022.2960581000
1023.7387457000
1025.1813171000
1026.6238815000
1028.0660713000
1029.5082775000
1030.9504071000
1032.3924967000
1033.8340938000
1035.2760578000
1036.7175993000
1038.1592026000
1039.5998260000
1041.0412522000
1042.4825762000
1043.9226307000
1045.3633252000
1046.8038667000
1048.2445649000
1049.6845170000
1051.1247886000
1052.5647977000
1054.0040540000
1055.4440464000
1056.8836514000
1058.3230389000
1059.7625114000
1061.2013718000
1062.6403185000
1064.0795614000
1065.5179086000
1066.9567767000
1068.3956912000
1069.8338062000
1071.2719126000
1072.7102836000
1074.1485894000
1075.5864197000
1077.0244717000
1078.4616088000
1079.8985274000
1081.3365800000
1082.7732725000
1084.2103679000
1085.6473930000
1087.0842397000
1088.5207612000
1089.9572844000
1091.3940515000
1092.8300820000
1094.2668669000
1095.7027639000
1097.1384606000
1098.5746177000
1100.0106420000
1101.4460445000
1102.8813333000
1104.3164567000
1105.7522596000
1107.1874703000
1108.6222328000
1110.0573579000
1111.4923251000
1112.9266189000
1114.3613281000
1115.7959916000
1117.2303971000
1118.6643059000
1120.0985146000
1121.5329282000
1122.9671570000
1124.4012038000
1125.8347905000
1127.2685858000
1128.7018929000
1130.1352752000
1131.5685721000
1133.0016163000
1134.4345184000
1135.8677721000
1137.3009487000
1138.7338808000
1140.1665235000
1141.5988106000
1143.0311727000
1144.4633875000
1145.8951771000
1147.3269453000
1148.7589274000
1150.1913022000
1151.6222084000
1153.0544736000
1154.4856882000
1155.9177464000
1157.3489627000
1158.7807305000
1160.2117384000
1161.6427522000
1163.0733790000
1164.5037054000
1165.9349992000
1167.3661300000
1168.7962404000
1170.2268371000
1171.6576187000
1173.0881491000
1174.5181910000
1175.9480982000
1177.3784879000
1178.8085809000
1180.2381947000
1181.6681640000
1183.0979161000
1184.5269572000
1185.9570956000
1187.3867774000
1188.8151262000
1190.2446586000
1191.6735216000
1193.1025289000
1194.5315457000
1195.9603886000
1197.3891115000
1198.8176520000
1200.2461769000
1201.6745282000
1203.1035196000
1204.5317129000
1205.9603995000
1207.3884674000
1208.8158284000
1210.2441371000
1211.6721908000
1213.0996143000
1214.5273304000
1215.9551082000
1217.3825556000
1218.8097395000
1220.2370763000
1221.6643662000
1223.0913926000
1224.5189288000
1225.9460197000
1227.3731187000
1228.8000431000
1230.2261540000
1231.6533863000
1233.0801889000
1234.5068389000
1235.9332581000
1237.3596076000
1238.7857549000
1240.2120080000
1241.6386094000
1243.0647867000
1244.4904188000
1245.9162630000
1247.3419811000
1248.7675904000
1250.1934276000
1251.6193929000
1253.0447935000
1254.4703705000
1255.8961018000
1257.3207183000
1258.7461650000
1260.1717064000
1261.5966889000
1263.0216837000
1264.4466595000
1265.8711605000
1267.2955855000
1268.7208207000
1270.1453183000
1271.5699715000
1272.9946135000
1274.4189147000
1275.8436487000
1277.2678203000
1278.6921567000
1280.1171236000
1281.5412712000
1282.9651740000
1284.3887159000
1285.8132718000
1287.2371918000
1288.6610628000
1290.0850288000
1291.5087330000
1292.9326950000
1294.3559595000
1295.7797736000
1297.2040133000
1298.6269405000
1300.0505729000
1301.4735829000
1302.8967502000
1304.3205401000
1305.7429258000
1307.1665965000
1308.5894070000
1310.0122056000
1311.4349306000
1312.8576540000
1314.2808040000
1315.7027756000
1317.1257177000
1318.5484362000
1319.9710046000
1321.3938141000
1322.8160829000
1324.2387199000
1325.6610107000
1327.0837590000
1328.5061872000
1329.9290972000
1331.3512579000
1332.7730214000
1334.1956283000
1335.6174545000
1337.0397428000
1338.4610945000
1339.8834320000
1341.3051977000
1342.7273025000
1344.1491484000
1345.5703404000
1346.9912970000
1348.4137337000
1349.8350424000
1351.2564803000
1352.6779646000
1354.0994353000
1355.5212331000
1356.9424554000
1358.3631159000
1359.7843203000
1361.2058937000
1362.6264844000
1364.0471525000
1365.4682854000
1366.8892674000
1368.3102971000
1369.7305856000
1371.1516650000
1372.5725193000
1373.9935412000
1375.4140880000
1376.8350897000
1378.2560880000
1379.6761604000
1381.0963955000
1382.5168230000
1383.9374064000
1385.3582825000
1386.7785010000
1388.1986332000
1389.6186714000
1391.0389624000
1392.4589768000
1393.8795213000
1395.2995399000
1396.7192629000
1398.1387637000
1399.5588680000
1400.9791786000
1402.3986970000
1403.8181877000
1405.2380813000
1406.6577320000
1408.0777831000
1409.4969428000
1410.9167097000
1412.3366880000
1413.7560111000
1415.1759549000
1416.5950025000
1418.0146422000
1419.4338284000
1420.8534442000
1422.2729121000
1423.6925602000
1425.1124141000
1426.5314419000
1427.9503964000
1429.3691732000
1430.7891156000
1432.2080694000
1433.6268596000
1435.0461533000
1436.4653975000
1437.8843561000
1439.3030800000
1440.7219370000
1442.1408193000
1443.5603144000
1444.9794223000
1446.3977908000
1447.8169420000
1449.2355507000
1450.6542381000
1452.0730182000
1453.4912516000
1454.9103348000
1456.3288844000
1457.7470821000
1459.1655601000
1460.5842563000
1462.0029678000
1463.4212313000
1464.8401129000
1466.2584893000
1467.6770115000
1469.0958092000
1470.5137727000
1471.9327592000
1473.3506412000
1474.7696743000
1476.1878288000
1477.6057692000
1479.0239884000
1480.4428211000
1481.8611172000
1483.2794334000
1484.6979301000
1486.1159361000
1487.5344620000
1488.9524187000
1490.3704957000
1491.7880164000
1493.2063018000
1494.6249542000
1496.0430159000
1497.4604819000
1498.8785828000
1500.2966674000
1501.7141313000
1503.1318139000
1504.5495804000
1505.9675148000
1507.3852393000
1508.8034810000
1510.2214421000
1511.6387703000
1513.0564772000
1514.4740157000
1515.8921016000
1517.3091368000
1518.7271564000
1520.1443778000
1521.5619393000
1522.9796401000
1524.3976714000
1525.8156962000
1527.2333580000
1528.6507812000
1530.0681986000
1531.4860435000
1532.9034229000
1534.3210830000
1535.7385827000
1537.1559070000
1538.5730708000
1539.9905254000
1541.4083470000
1542.8254946000
1544.2434368000
1545.6608968000
1547.0781176000
1548.4953157000
1549.9124091000
1551.3296127000
1552.7470779000
1554.1646923000
1555.5820506000
1556.9991591000
1558.4158672000
1559.8334180000
1561.2506080000
1562.6678681000
1564.0851293000
1565.5018858000
1566.9194057000
1568.3366215000
1569.7539498000
1571.1706103000
1572.5878663000
1574.0048056000
1575.4219461000
1576.8392429000
1578.2563281000
1579.6733312000
1581.0907393000
1582.5077801000
1583.9245084000
1585.3412069000
1586.7589107000
1588.1761973000
1589.5929119000
1591.0099224000
1592.4266908000
1593.8438592000
1595.2605868000
1596.6772907000
1598.0943832000
1599.5114129000
1600.9283892000
1602.3454029000
1603.7620797000
1605.1791024000
1606.5954987000
1608.0126367000
1609.4290413000
1610.8461074000
1612.2628128000
1613.6795606000
1615.0963049000
1616.5132459000
1617.9296021000
1619.3468520000
1620.7636378000
1622.1804324000
1623.5971896000
1625.0142224000
1626.4307819000
1627.8476935000
1629.2646302000
1630.6813836000
1632.0982214000
1633.5147642000
1634.9315167000
1636.3481244000
1637.7645623000
1639.1815672000
1640.5984840000
1642.0149070000
1643.4319251000
1644.8484243000
1646.2655471000
1647.6824644000
1649.0989151000
1650.5158611000
1651.9329302000
1653.3494562000
1654.7659325000
1656.1825905000
1657.5999307000
1659.0168330000
1660.4330917000
1661.8502811000
1663.2667124000
1664.6836201000
1666.1003331000
1667.5170670000
1668.9339344000
1670.3504496000
1671.7672689000
1673.1837257000
1674.6001213000
1676.0170290000
1677.4338376000
1678.8507040000
1680.2671116000
1681.6842222000
1683.1009122000
1684.5174841000
1685.9341186000
1687.3512710000
1688.7685547000
1690.1849485000
1691.6019398000
1693.0186284000
1694.4351250000
1695.8519777000
1697.2679235000
1698.6852190000
1700.1019410000
1701.5187914000
1702.9354518000
1704.3520717000
1705.7688958000
1707.1855915000
1708.6027465000
1710.0193683000
1711.4358252000
1712.8524528000
1714.2693023000
1715.6856915000
1717.1022540000
1718.5191961000
1719.9360242000
1721.3528913000
1722.7696632000
1724.1865569000
1725.6029028000
1727.0197947000
1728.4366697000
1729.8534593000
1731.2696735000
1732.6868673000
1734.1038027000
1735.5203403000
1736.9375123000
1738.3546373000
1739.7710053000
1741.1880338000
1742.6044312000
1744.0211853000
1745.4377515000
1746.8545547000
1748.2711950000
1749.6881009000
1751.1047735000
1752.5213625000
1753.9382573000
1755.3553601000
1756.7716634000
1758.1885768000
1759.6056870000
1761.0224382000
1762.4394438000
1763.8559709000
1765.2727843000
1766.6896275000
1768.1063472000
1769.5232404000
1770.9401033000
1772.3570639000
1773.7742709000
1775.1909441000
1776.6078285000
1778.0246781000
1779.4414115000
1780.8583476000
1782.2751412000
1783.6917103000
1785.1083034000
1786.5256810000
1787.9426880000
1789.3596877000
1790.7767164000
1792.1942854000
1793.6109367000
1795.0279985000
1796.4450236000
1797.8617809000
1799.2789715000
1800.6958813000
1802.1125261000
1803.5295394000
1804.9465911000
1806.3632437000
1807.7804777000
1809.1969918000
1810.6145424000
1812.0316151000
1813.4480980000
1814.8650643000
1816.2822155000
1817.6996286000
1819.1165483000
1820.5339803000
1821.9514560000
1823.3681246000
1824.7857350000
1826.2026438000
1827.6200389000
1829.0375154000
1830.4546268000
1831.8719909000
1833.2893840000
1834.7065794000
1836.1236594000
1837.5409633000
1838.9583747000
1840.3756677000
1841.7930550000
1843.2104754000
1844.6274736000
1846.0445535000
1847.4619311000
1848.8789755000
1850.2963932000
1851.7139000000
1853.1310068000
1854.5483771000
1855.9656033000
1857.3828551000
1858.8003528000
1860.2176651000
1861.6348946000
1863.0524266000
1864.4695988000
1865.8867983000
1867.3044413000
1868.7215681000
1870.1393815000
1871.5564149000
1872.9740956000
1874.3913877000
1875.8086188000
1877.2261218000
1878.6435049000
1880.0612142000
1881.4789091000
1882.8963020000
1884.3140338000
1885.7314477000
1887.1487282000
1888.5659626000
1889.9838407000
1891.4015137000
1892.8185981000
1894.2358781000
1895.6533238000
1897.0710904000
1898.4884594000
1899.9061234000
1901.3236007000
1902.7414289000
1904.1588736000
1905.5763389000
1906.9939415000
1908.4118337000
1909.8297089000
1911.2473659000
1912.6646523000
1914.0826473000
1915.5004629000
1916.9183760000
1918.3361326000
1919.7538803000
1921.1712582000
1922.5895205000
1924.0070419000
1925.4245645000
1926.8422128000
1928.2596202000
1929.6776338000
1931.0950874000
1932.5126799000
1933.9305440000
1935.3483657000
1936.7661445000
1938.1841424000
1939.6022346000
1941.0195057000
1942.4376241000
1943.8553709000
1945.2731772000
1946.6913338000
1948.1089517000
1949.5268865000
1950.9452203000
1952.3630851000
1953.7812540000
1955.1992277000
1956.6172962000
1958.0351146000
1959.4527370000
1960.8710811000
1962.2885530000
1963.7065219000
1965.1243145000
1966.5424550000
1967.9601135000
1969.3783358000
1970.7962027000
1972.2141663000
1973.6317241000
1975.0502001000
1976.4680926000
1977.8861737000
1979.3038662000
1980.7216846000
1982.1398650000
1983.5578347000
1984.9761558000
1986.3940609000
1987.8120121000
1989.2299441000
1990.6483917000
1992.0665386000
1993.4846910000
1994.9029329000
1996.3212273000
1997.7395680000
1999.1578477000
2000.5760371000
2001.9943594000
2003.4121967000
2004.8308174000
2006.2490475000
2007.6672768000
2009.0850503000
2010.5034453000
2011.9214734000
2013.3397502000
2014.7582835000
2016.1766584000
2017.5951315000
2019.0130924000
2020.4315083000
2021.8498294000
2023.2683310000
2024.6865907000
2026.1050176000
2027.5236512000
2028.9420641000
2030.3601898000
2031.7787610000
2033.1973686000
2034.6155017000
2036.0340593000
2037.4527126000
2038.8710487000
2040.2894480000
2041.7080698000
2043.1266127000
2044.5454380000
2045.9639555000
2047.3822958000
2048.8008615000
2050.2196200000
2051.6380510000
2053.0566684000
2054.4752714000
2055.8939308000
2057.3125947000
2058.7311354000
2060.1498684000
2061.5681266000
2062.9866991000
2064.4052716000
2065.8236997000
2067.2427420000
2068.6613223000
2070.0800135000
2071.4991288000
2072.9176872000
2074.3365527000
2075.7552840000
2077.1740034000
2078.5928803000
2080.0112874000
2081.4301127000
2082.8489885000
2084.2677064000
2085.6865073000
2087.1050700000
2088.5240804000
2089.9427827000
2091.3609951000
2092.7796888000
2094.1983529000
2095.6173272000
2097.0363427000
2098.4549532000
2099.8739401000
2101.2926698000
2102.7113495000
2104.1304665000
2105.5493591000
2106.9683489000
2108.3875402000
2109.8064907000
2111.2253869000
2112.6443864000
2114.0634560000
2115.4824332000
2116.9011418000
2118.3203519000
2119.7393199000
2121.1580938000
2122.5771232000
2123.9960614000
2125.4153745000
2126.8343217000
2128.2532001000
2129.6725947000
2131.0920701000
2132.5112767000
2133.9303337000
2135.3494744000
2136.7685732000
2138.1880146000
2139.6072547000
2141.0264697000
2142.4458154000
2143.8647275000
2145.2843934000
2146.7034566000
2148.1224695000
2149.5416776000
2150.9607513000
2152.3803278000
2153.7998475000
2155.2189277000
2156.6383779000
2158.0581902000
2159.4773887000
2160.8965992000
2162.3161104000
2163.7354343000
2165.1546770000
2166.5743227000
2167.9931651000
2169.4130420000
2170.8327959000
2172.2522414000
2173.6716951000
2175.0911565000
2176.5104705000
2177.9299066000
2179.3497315000
2180.7695437000
2182.1891903000
2183.6088361000
2185.0281762000
2186.4478151000
2187.8671028000
2189.2867693000
2190.7063466000
2192.1260798000
2193.5458139000
2194.9654624000
2196.3849670000
2197.8048393000
2199.2247079000
2200.6444460000
2202.0642007000
2203.4836538000
2204.9033235000
2206.3232892000
2207.7429597000
2209.1628158000
2210.5828784000
2212.0023591000
2213.4220948000
2214.8418125000
2216.2614233000
2217.6814385000
2219.1011140000
2220.5211250000
2221.9407356000
2223.3608805000
2224.7806652000
2226.2009046000
2227.6208052000
2229.0408326000
2230.4603514000
2231.8804211000
2233.3001296000
2234.7199663000
2236.1398316000
2237.5595473000
2238.9798363000
2240.3994369000
2241.8195487000
2243.2397719000
2244.6596204000
2246.0795244000
2247.4996599000
2248.9197733000
2250.3396361000
2251.7598198000
2253.1800388000
2254.5998694000
2256.0196781000
2257.4400404000
2258.8603603000
2260.2808079000
2261.7006800000
2263.1211017000
2264.5413231000
2265.9613735000
2267.3814025000
2268.8018574000
2270.2219480000
2271.6425870000
2273.0628036000
2274.4830319000
2275.9033385000
2277.3234897000
2278.7441682000
2280.1644982000
2281.5849240000
2283.0050257000
2284.4256437000
2285.8461695000
2287.2667495000
2288.6873003000
2290.1079138000
2291.5280132000
2292.9486167000
2294.3693764000
2295.7897689000
2297.2104083000
2298.6309531000
2300.0516650000
2301.4723862000
2302.8926757000
2304.3134513000
2305.7337992000
2307.1543606000
2308.5750031000
2309.9959611000
2311.4163325000
2312.8372497000
2314.2576697000
2315.6785091000
2317.0989420000
2318.5196949000
2319.9405160000
2321.3613212000
2322.7818440000
2324.2025951000
2325.6237069000
2327.0445069000
2328.4655099000
2329.8862301000
2331.3072263000
2332.7278779000
2334.1491539000
2335.5699885000
2336.9907230000
2338.4116606000
2339.8326352000
2341.2535482000
2342.6743651000
2344.0953106000
2345.5164930000
2346.9376913000
2348.3586891000
2349.7799892000
2351.2008119000
2352.6222221000
2354.0426981000
2355.4638535000
2356.8854321000
2358.3067878000
2359.7279488000
2361.1487076000
2362.5699627000
2363.9914208000
2365.4124366000
2366.8339648000
2368.2551990000
2369.6764918000
2371.0976989000
2372.5191323000
2373.9402425000
2375.3617667000
2376.7832078000
2378.2046205000
2379.6260613000
2381.0474861000
2382.4689393000
2383.8905339000
2385.3120135000
2386.7335349000
2388.1550549000
2389.5765976000
2390.9981728000
2392.4196876000
2393.8410730000
2395.2627849000
2396.6841513000
2398.1058870000
2399.5272434000
2400.9490542000
2402.3705854000
2403.7925314000
2405.2140773000
2406.6354949000
2408.0575815000
2409.4790508000
2410.9009114000
2412.3227655000
2413.7444311000
2415.1661306000
2416.5881282000
2418.0101871000
2419.4316287000
2420.8533825000
2422.2751658000
2423.6970545000
2425.1188269000
2426.5406363000
2427.9625206000
2429.3848247000
2430.8065976000
2432.2287578000
2433.6507197000
2435.0722063000
2436.4942197000
2437.9165785000
2439.3385646000
2440.7604561000
2442.1825553000
2443.6047861000
2445.0268890000
2446.4490825000
2447.8713297000
2449.2934133000
2450.7153571000
2452.1376332000
2453.5597305000
2454.9819442000
2456.4041505000
2457.8261346000
2459.2485698000
2460.6705157000
2462.0924307000
2463.5150042000
2464.9376666000
2466.3598347000
2467.7820152000
2469.2041318000
2470.6267178000
2472.0488600000
2473.4711820000
2474.8935134000
2476.3158456000
2477.7380222000
2479.1604710000
2480.5829687000
2482.0051050000
2483.4277054000
2484.8499841000
2486.2719502000
2487.6946894000
2489.1171032000
2490.5395774000
2491.9620914000
2493.3843157000
2494.8068386000
2496.2297057000
2497.6523110000
2499.0747831000
2500.4974364000
2501.9202314000
2503.3429363000
2504.7657990000
2506.1884008000
2507.6108757000
2509.0337168000
2510.4569037000
2511.8797655000
2513.3023212000
2514.7253108000
2516.1481570000
2517.5714570000
2518.9939601000
2520.4165933000
2521.8392980000
2523.2621296000
2524.6851018000
2526.1080377000
2527.5309818000
2528.9541305000
2530.3770239000
2531.8000574000
2533.2231228000
2534.6462188000
2536.0693634000
2537.4926240000
2538.9160019000
2540.3393033000
2541.7619409000
2543.1852390000
2544.6084302000
2546.0314925000
2547.4545234000
2548.8780068000
2550.3009850000
2551.7244142000
2553.1475890000
2554.5709552000
2555.9943631000
2557.4177935000
2558.8407711000
2560.2640901000
2561.6875960000
2563.1107311000
2564.5340029000
2565.9574894000
2567.3809134000
2568.8044746000
2570.2278230000
2571.6513481000
2573.0748341000
2574.4982465000
2575.9215455000
2577.3451301000
2578.7686090000
2580.1921664000
2581.6154233000
2583.0393531000
2584.4628647000
2585.8859264000
2587.3097722000
2588.7335584000
2590.1570979000
2591.5809854000
2593.0044592000
2594.4282891000
2595.8519048000
2597.2754041000
2598.6990214000
2600.1227111000
2601.5464116000
2602.9698992000
2604.3939894000
2605.8178139000
2607.2414400000
2608.6654182000
2610.0890034000
2611.5127807000
2612.9369588000
2614.3607935000
2615.7844558000
2617.2086482000
2618.6328784000
2620.0567641000
2621.4805461000
2622.9045845000
2624.3283921000
2625.7523098000
2627.1761613000
2628.6003579000
2630.0241886000
2631.4482702000
2632.8722510000
2634.2962099000
2635.7208161000
2637.1444332000
2638.5688222000
2639.9928075000
2641.4168555000
2642.8412666000
2644.2657813000
2645.6901319000
2647.1139109000
2648.5382909000
2649.9625840000
2651.3869342000
2652.8115160000
2654.2358029000
2655.6602023000
2657.0844633000
2658.5089216000
2659.9335323000
2661.3576274000
2662.7821575000
2664.2066690000
2665.6312778000
2667.0555141000
2668.4799995000
2669.9047977000
2671.3290804000
2672.7538548000
2674.1782767000
2675.6026581000
2677.0275531000
2678.4516976000
2679.8766858000
2681.3011149000
2682.7256264000
2684.1500064000
2685.5747087000
2686.9994883000
2688.4242537000
2689.8488892000
2691.2738012000
2692.6985637000
2694.1237417000
2695.5484418000
2696.9734451000
2698.3984594000
2699.8231237000
2701.2477033000
2702.6723904000
2704.0976741000
2705.5224409000
2706.9473233000
2708.3723676000
2709.7974072000
2711.2222009000
2712.6471362000
2714.0720384000
2715.4969043000
2716.9222587000
2718.3471971000
2719.7723246000
2721.1971785000
2722.6224273000
2724.0478084000
2725.4730470000
2726.8981338000
2728.3232328000
2729.7485082000
2731.1737241000
2732.5991139000
2734.0239729000
2735.4489809000
2736.8745314000
2738.2997340000
2739.7251594000
2741.1501052000
2742.5754546000
2744.0009020000
2745.4264036000
2746.8515622000
2748.2768388000
2749.7022408000
2751.1277485000
2752.5528588000
2753.9783973000
2755.4039737000
2756.8295711000
2758.2547545000
2759.6801424000
2761.1053436000
2762.5310164000
2763.9567648000
2765.3819782000
2766.8073139000
2768.2329397000
2769.6583802000
2771.0840198000
2772.5095073000
2773.9350665000
2775.3607088000
2776.7859993000
2778.2117116000
2779.6374934000
2781.0635673000
2782.4891040000
2783.9151517000
2785.3405312000
2786.7663118000
2788.1921987000
2789.6179565000
2791.0439335000
2792.4698067000
2793.8959911000
2795.3218671000
2796.7475167000
2798.1733898000
2799.5993271000
2801.0254225000
2802.4513621000
2803.8774499000
2805.3032966000
2806.7297217000
2808.1554988000
2809.5814908000
2811.0076953000
2812.4338625000
2813.8600921000
2815.2862352000
2816.7121894000
2818.1384314000
2819.5645592000
2820.9906908000
2822.4169310000
2823.8433217000
2825.2698146000
2826.6957199000
2828.1223753000
2829.5483000000
2830.9745520000
2832.4011883000
2833.8275497000
2835.2541459000
2836.6804758000
2838.1067239000
2839.5330197000
2840.9599257000
2842.3864266000
2843.8129262000
2845.2394842000
2846.6654175000
2848.0918709000
2849.5184497000
2850.9453381000
2852.3720052000
2853.7988050000
2855.2258073000
2856.6522616000
2858.0790943000
2859.5057752000
2860.9327107000
2862.3588419000
2863.7856428000
2865.2121818000
2866.6392739000
2868.0660309000
2869.4929574000
2870.9196667000
2872.3463453000
2873.7730536000
2875.1999302000
2876.6269997000
2878.0540378000
2879.4808950000
2880.9075825000
2882.3347088000
2883.7614514000
2885.1886564000
2886.6158269000
2888.0431033000
2889.4700701000
2890.8972034000
2892.3244111000
2893.7516649000
2895.1786507000
2896.6055613000
2898.0328660000
2899.4601332000
2900.8872053000
2902.3143531000
2903.7415936000
2905.1688391000
2906.5966836000
2908.0239831000
2909.4514647000
2910.8788784000
2912.3064314000
2913.7338774000
2915.1612856000
2916.5885991000
2918.0164316000
2919.4438854000
2920.8715483000
2922.2990763000
2923.7268179000
2925.1543660000
2926.5824389000
2928.0104516000
2929.4381160000
2930.8656862000
2932.2934528000
2933.7211982000
2935.1491164000
2936.5768779000
2938.0045771000
2939.4326411000
2940.8603903000
2942.2882675000
2943.7160563000
2945.1443492000
2946.5724879000
2948.0004729000
2949.4286959000
2950.8567834000
2952.2848720000
2953.7131308000
2955.1414144000
2956.5697035000
2957.9979054000
2959.4261565000
2960.8545058000
2962.2826239000
2963.7110888000
2965.1392063000
2966.5678548000
2967.9962208000
2969.4245721000
2970.8526906000
2972.2811873000
2973.7099956000
2975.1382198000
2976.5669925000
2977.9956297000
2979.4237420000
2980.8525559000
2982.2812993000
2983.7100153000
2985.1387232000
2986.5671903000
2987.9961326000
2989.4249165000
2990.8534113000
2992.2820840000
2993.7107579000
2995.1397961000
2996.5689358000
2997.9978417000
2999.4266722000
3000.8557483000
3002.2849206000
3003.7139351000
3005.1430159000
3006.5720865000
3008.0010537000
3009.4301808000
3010.8592287000
3012.2881537000
3013.7173823000
3015.1464801000
3016.5757635000
3018.0051111000
3019.4342477000
3020.8635307000
3022.2930554000
3023.7225167000
3025.1521912000
3026.5817110000
3028.0110613000
3029.4406194000
3030.8700159000
3032.2997578000
3033.7294658000
3035.1593497000
3036.5892464000
3038.0187279000
3039.4488053000
3040.8787527000
3042.3086654000
3043.7383926000
3045.1682373000
3046.5982540000
3048.0279506000
3049.4579865000
3050.8880849000
3052.3179833000
3053.7482250000
3055.1783940000
3056.6084732000
3058.0385878000
3059.4687793000
3060.8991277000
3062.3295681000
3063.7593013000
3065.1898119000
3066.6202188000
3068.0504484000
3069.4809539000
3070.9116340000
3072.3420112000
3073.7724069000
3075.2026378000
3076.6332567000
3078.0637476000
3079.4945947000
3080.9253088000
3082.3561050000
3083.7869275000
3085.2174580000
3086.6480348000
3088.0788935000
3089.5095978000
3090.9404728000
3092.3714908000
3093.8022045000
3095.2331605000
3096.6639374000
3098.0949090000
3099.5262562000
3100.9572891000
3102.3886002000
3103.8196194000
3105.2506350000
3106.6818975000
3108.1129674000
3109.5444682000
3110.9756879000
3112.4067411000
3113.8383086000
3115.2700853000
3116.7013995000
3118.1327391000
3119.5641670000
3120.9956784000
3122.4270014000
3123.8586326000
3125.2900336000
3126.7218430000
3128.1535396000
3129.5852502000
3131.0168149000
3132.4485621000
3133.8805781000
3135.3123169000
3136.7443062000
3138.1759413000
3139.6082937000
3141.0403573000
3142.4722969000
3143.9039469000
3145.3362928000
3146.7679942000
3148.2002668000
3149.6324028000
3151.0645517000
3152.4967131000
3153.9289983000
3155.3613740000
3156.7936658000
3158.2261484000
3159.6583368000
3161.0905928000
3162.5232078000
3163.9556783000
3165.3880039000
3166.8206806000
3168.2530209000
3169.6856138000
3171.1184085000
3172.5510485000
3173.9834582000
3175.4159881000
3176.8487726000
3178.2815314000
3179.7141800000
3181.1468286000
3182.5796987000
3184.0121504000
3185.4452424000
3186.8781852000
3188.3112146000
3189.7441046000
3191.1770908000
3192.6099371000
3194.0428622000
3195.4755677000
3196.9085466000
3198.3418651000
3199.7748905000
3201.2079408000
3202.6408502000
3204.0740096000
3205.5072028000
3206.9403140000
3208.3734967000
3209.8068037000
3211.2402766000
3212.6736120000
3214.1070523000
3215.5404501000
3216.9737770000
3218.4072686000
3219.8404891000
3221.2738556000
3222.7075440000
3224.1409788000
3225.5745126000
3227.0079452000
3228.4417783000
3229.8749251000
3231.3085386000
3232.7420607000
3234.1755081000
3235.6092780000
3237.0429866000
3238.4766902000
3239.9103330000
3241.3441438000
3242.7780166000
3244.2120629000
3245.6458159000
3247.0794085000
3248.5132520000
3249.9470379000
3251.3808628000
3252.8147247000
3254.2483271000
3255.6821338000
3257.1161618000
3258.5505541000
3259.9841736000
3261.4183748000
3262.8522330000
3264.2866155000
3265.7206381000
3267.1546597000
3268.5887675000
3270.0231420000
3271.4568778000
3272.8909685000
3274.3252617000
3275.7594595000
3277.1938193000
3278.6279152000
3280.0624018000
3281.4966415000
3282.9310019000
3284.3650304000
3285.7993070000
3287.2336050000
3288.6682884000
3290.1026901000
3291.5374449000
3292.9718479000
3294.4064365000
3295.8404777000
3297.2750745000
3298.7095250000
3300.1438946000
3301.5782938000
3303.0128612000
3304.4474543000
3305.8818996000
3307.3165181000
3308.7512466000
3310.1855252000
3311.6203709000
3313.0549719000
3314.4894522000
3315.9240667000
3317.3586368000
3318.7931587000
3320.2278141000
3321.6626860000
3323.0971423000
3324.5319191000
3325.9665611000
3327.4012991000
3328.8360781000
3330.2708396000
3331.7054655000
3333.1402492000
3334.5747446000
3336.0096860000
3337.4445090000
3338.8791718000
3340.3143726000
3341.7491305000
3343.1838374000
3344.6186039000
3346.0535733000
3347.4886931000
3348.9236460000
3350.3586495000
3351.7934037000
3353.2282109000
3354.6632749000
3356.0984787000
3357.5334566000
3358.9684198000
3360.4034978000
3361.8389077000
3363.2740900000
3364.7089681000
3366.1442184000
3367.5791193000
3369.0142379000
3370.4494328000
3371.8841879000
3373.3191635000
3374.7543374000
3376.1892633000
3377.6241657000
3379.0593079000
3380.4944241000
3381.9296607000
3383.3648269000
3384.7999165000
3386.2351636000
3387.6703869000
3389.1054016000
3390.5406294000
3391.9753729000
3393.4107201000
3394.8457276000
3396.2809106000
3397.7163764000
3399.1513864000
3400.5864652000
3402.0217356000
3403.4567068000
3404.8919919000
3406.3271135000
3407.7621916000
3409.1972783000
3410.6324892000
3412.0677719000
3413.5031504000
3414.9381882000
3416.3735761000
3417.8087240000
3419.2440849000
3420.6789792000
3422.1146013000
3423.5498259000
3424.9850536000
3426.4204434000
3427.8557836000
3429.2910013000
3430.7260815000
3432.1612957000
3433.5965405000
3435.0320546000
3436.4673024000
3437.9026614000
3439.3380008000
3440.7733647000
3442.2086831000
3443.6439206000
3445.0791995000
3446.5145379000
3447.9495744000
3449.3848217000
3450.8198194000
3452.2547624000
3453.6901813000
3455.1256345000
3456.5608838000
3457.9959965000
3459.4311865000
3460.8662317000
3462.3015375000
3463.7366472000
3465.1718897000
3466.6071006000
3468.0423090000
3469.4775746000
3470.9126695000
3472.3476687000
3473.7827629000
3475.2177885000
3476.6530451000
3478.0878400000
3479.5229464000
3480.9582182000
3482.3934403000
3483.8285710000
3485.2637600000
3486.6992067000
3488.1341581000
3489.5693503000
3491.0044233000
3492.4395875000
3493.8742740000
3495.3093309000
3496.7444228000
3498.1793702000
3499.6143893000
3501.0492778000
3502.4845248000
3503.9193354000
3505.3547358000
3506.7899781000
3508.2250667000
3509.6601817000
3511.0953116000
3512.5302462000
3513.9648554000
3515.3998732000
3516.8349590000
3518.2698895000
3519.7045237000
3521.1393093000
3522.5747143000
3524.0093727000
3525.4447227000
3526.8795691000
3528.3144494000
3529.7491201000
3531.1841237000
3532.6186892000
3534.0537466000
3535.4885128000
3536.9232293000
3538.3581156000
3539.7927008000
3541.2275306000
3542.6622406000
3544.0970243000
3545.5316266000
3546.9660914000
3548.4010141000
3549.8355964000
3551.2703749000
3552.7049570000
3554.1398140000
3555.5746124000
3557.0089552000
3558.4435360000
3559.8780739000
3561.3130895000
3562.7475577000
3564.1822743000
3565.6166559000
3567.0509353000
3568.4851911000
3569.9197804000
3571.3540607000
3572.7884798000
3574.2227343000
3575.6573705000
3577.0916785000
3578.5260327000
3579.9604606000
3581.3948446000
3582.8290120000
3584.2633066000
3585.6971815000
3587.1316118000
3588.5658713000
3590.0002383000
3591.4344570000
3592.8685714000
3594.3026169000
3595.7371173000
3597.1711949000
3598.6052130000
3600.0394064000
3601.4733847000
3602.9072307000
3604.3415041000
3605.7755164000
3607.2095315000
3608.6436814000
3610.0774515000
3611.5112852000
3612.9452480000
3614.3790875000
3615.8131399000
3617.2468532000
3618.6805636000
3620.1140885000
3621.5477274000
3622.9814966000
3624.4150664000
3625.8485422000
3627.2823010000
3628.7159137000
3630.1495892000
3631.5834814000
3633.0167657000
3634.4502680000
3635.8838482000
3637.3175411000
3638.7509744000
3640.1844079000
3641.6177288000
3643.0511519000
3644.4841411000
3645.9175352000
3647.3510436000
3648.7842448000
3650.2176558000
3651.6508255000
3653.0840250000
3654.5169806000
3655.9498968000
3657.3827760000
3658.8157703000
3660.2485044000
3661.6814116000
3663.1142392000
3664.5471106000
3665.9798164000
3667.4126608000
3668.8451929000
3670.2781845000
3671.7108172000
3673.1433615000
3674.5762275000
3676.0085643000
3677.4412840000
3678.8737952000
3680.3065235000
3681.7391722000
3683.1714640000
3684.6037186000
3686.0361350000
3687.4684364000
3688.9003706000
3690.3326329000
3691.7649914000
3693.1970239000
3694.6292435000
3696.0613308000
3697.4937635000
3698.9257297000
3700.3578166000
3701.7895689000
3703.2215360000
3704.6532362000
3706.0848521000
3707.5169751000
3708.9486697000
3710.3804016000
3711.8121729000
3713.2437341000
3714.6751529000
3716.1067706000
3717.5383185000
3718.9695433000
3720.4009828000
3721.8323331000
3723.2637067000
3724.6949065000
3726.1262052000
3727.5573723000
3728.9882492000
3730.4195261000
3731.8503566000
3733.2812839000
3734.7124643000
3736.1430698000
3737.5742233000
3739.0052889000
3740.4359506000
3741.8666661000
3743.2972491000
3744.7280604000
3746.1586110000
3747.5889427000
3749.0193976000
3750.4496444000
3751.8800802000
3753.3103005000
3754.7405348000
3756.1707097000
3757.6009071000
3759.0312713000
3760.4616074000
3761.8919517000
3763.3221003000
3764.7517549000
3766.1816648000
3767.6115626000
3769.0414620000
3770.4711194000
3771.9008715000
3773.3304146000
3774.7601697000
3776.1895645000
3777.6190677000
3779.0484937000
3780.4780573000
3781.9074550000
3783.3368606000
3784.7661759000
3786.1952795000
3787.6243238000
3789.0532406000
3790.4822202000
3791.9112025000
3793.3402874000
3794.7690255000
3796.1977663000
3797.6266172000
3799.0553933000
3800.4839482000
3801.9124139000
3803.3411893000
3804.7693494000
3806.1980529000
3807.6263932000
3809.0548464000
3810.4827215000
3811.9108907000
3813.3389598000
3814.7670335000
3816.1949480000
3817.6230768000
3819.0510141000
3820.4786402000
3821.9061617000
3823.3339777000
3824.7616317000
3826.1892417000
3827.6169224000
3829.0442582000
3830.4716737000
3831.8987594000
3833.3262168000
3834.7534303000
3836.1805562000
3837.6074596000
3839.0344561000
3840.4613396000
3841.8880538000
3843.3148274000
3844.7415559000
3846.1680614000
3847.5946682000
3849.0210123000
3850.4474170000
3851.8737277000
3853.2999959000
3854.7260886000
3856.1521980000
3857.5785293000
3859.0043106000
3860.4300938000
3861.8560626000
3863.2817682000
3864.7072678000
3866.1329193000
3867.5582556000
3868.9836688000
3870.4086911000
3871.8340440000
3873.2594806000
3874.6846511000
3876.1097137000
3877.5349405000
3878.9598021000
3880.3845449000
3881.8092769000
3883.2340659000
3884.6588550000
3886.0835312000
3887.5081657000
3888.9324603000
3890.3568835000
3891.7811291000
3893.2054208000
3894.6296606000
3896.0533929000
3897.4771060000
3898.9009354000
3900.3245350000
3901.7481572000
3903.1718372000
3904.5953216000
3906.0186583000
3907.4422395000
3908.8656061000
3910.2889774000
3911.7122870000
3913.1353351000
3914.5583460000
3915.9812702000
3917.4042276000
3918.8267626000
3920.2496846000
3921.6722465000
3923.0943875000
3924.5169246000
3925.9391191000
3927.3611675000
3928.7829110000
3930.2051906000
3931.6269488000
3933.0487773000
3934.4704869000
3935.8919426000
3937.3134715000
3938.7347465000
3940.1562025000
3941.5773167000
3942.9986717000
3944.4197410000
3945.8405029000
3947.2613579000
3948.6822000000
3950.1031694000
3951.5238999000
3952.9442171000
3954.3646904000
3955.7847357000
3957.2049263000
3958.6250050000
3960.0450498000
3961.4650268000
3962.8848173000
3964.3045424000
3965.7238167000
3967.1433713000
3968.5625769000
3969.9821882000
3971.4012990000
3972.8203350000
3974.2392988000
3975.6580542000
3977.0767980000
3978.4956653000
3979.9142040000
3981.3326104000
3982.7508198000
3984.1687427000
3985.5870368000
3987.0051940000
3988.4229406000
3989.8407523000
3991.2588231000
3992.6766100000
3994.0941130000
3995.5114929000
3996.9288723000
3998.3459001000
3999.7630446000
4001.1799064000
4002.5967758000
4004.0135595000
4005.4303965000
4006.8469738000
4008.2635585000
4009.6802219000
4011.0963555000
4012.5125557000
4013.9288004000
4015.3445229000
4016.7602879000
4018.1758007000
4019.5913919000
4021.0069522000
4022.4221245000
4023.8373422000
4025.2525018000
4026.6675573000
4028.0824206000
4029.4972995000
4030.9116969000
4032.3265968000
4033.7409353000
4035.1552577000
4036.5695907000
4037.9836537000
4039.3975619000
4040.8117739000
4042.2255124000
4043.6393207000
4045.0528966000
4046.4664601000
4047.8797567000
4049.2930230000
4050.7061010000
4052.1189700000
4053.5317291000
4054.9447734000
4056.3571564000
4057.7696045000
4059.1817575000
4060.5939524000
4062.0060442000
4063.4181006000
4064.8299907000
4066.2417044000
4067.6532958000
4069.0650045000
4070.4764794000
4071.8876542000
4073.2988269000
4074.7098287000
4076.1205402000
4077.5311457000
4078.9417973000
4080.3521641000
4081.7624566000
4083.1728113000
4084.5825988000
4085.9924384000
4087.4024637000
4088.8119837000
4090.2213231000
4091.6306552000
4093.0397753000
4094.4490270000
4095.8577423000
4097.2666074000
4098.6751342000
4100.0839431000
4101.4922610000
4102.9004047000
4104.3088676000
4105.7170256000
4107.1246847000
4108.5321839000
4109.9398107000
4111.3474639000
4112.7549863000
4114.1622373000
4115.5692850000
4116.9760999000
4118.3828167000
4119.7896316000
4121.1962851000
4122.6023974000
4124.0087610000
4125.4150442000
4126.8210410000
4128.2271382000
4129.6328901000
4131.0384437000
4132.4436476000
4133.8489433000
4135.2540201000
4136.6587077000
4138.0634752000
4139.4679895000
4140.8723841000
4142.2768593000
4143.6810784000
4145.0853241000
4146.4889437000
4147.8927970000
4149.2964285000
4150.6996675000
4152.1029986000
4153.5062747000
4154.9091903000
4156.3121720000
4157.7149495000
4159.1174544000
4160.5194740000
4161.9216253000
4163.3237111000
4164.7257177000
4166.1273621000
4167.5290490000
4168.9307867000
4170.3322868000
4171.7333799000
4173.1347014000
4174.5356701000
4175.9364677000
4177.3369865000
4178.7373966000
4180.1373595000
4181.5374183000
4182.9372801000
4184.3369850000
4185.7363469000
4187.1357947000
4188.5349523000
4189.9342711000
4191.3330617000
4192.7318180000
4194.1304573000
4195.5292860000
4196.9275302000
4198.3255177000
4199.7234684000
4201.1210897000
4202.5185104000
4203.9160674000
4205.3132594000
4206.7105157000
4208.1072271000
4209.5042899000
4210.9006532000
4212.2970856000
4213.6932616000
4215.0893731000
4216.4853702000
4217.8810500000
4219.2767982000
4220.6721966000
4222.0675049000
4223.4626786000
4224.8578058000
4226.2523650000
4227.6468346000
4229.0412597000
4230.4353506000
4231.8295067000
4233.2233713000
4234.6169102000
4236.0104971000
4237.4040279000
4238.7971884000
4240.1903374000
4241.5833105000
4242.9758632000
4244.3682241000
4245.7606896000
4247.1526189000
4248.5444393000
4249.9363410000
4251.3278990000
4252.7192253000
4254.1106890000
4255.5016025000
4256.8926269000
4258.2833124000
4259.6737394000
4261.0640125000
4262.4541969000
4263.8440572000
4265.2339948000
4266.6235502000
4268.0130889000
4269.4022551000
4270.7913038000
4272.1802637000
4273.5688354000
4274.9571847000
4276.3454181000
4277.7338232000
4279.1215804000
4280.5093539000
4281.8966257000
4283.2837449000
4284.6710212000
4286.0581365000
4287.4449126000
4288.8314717000
4290.2179263000
4291.6040269000
4292.9901075000
4294.3759501000
4295.7617272000
4297.1471663000
4298.5324017000
4299.9170936000
4301.3020763000
4302.6865835000
4304.0710654000
4305.4552805000
4306.8394732000
4308.2231699000
4309.6066078000
4310.9899744000
4312.3731012000
4313.7560930000
4315.1388585000
4316.5212217000
4317.9036698000
4319.2859791000
4320.6680480000
4322.0499386000
4323.4316733000
4324.8131055000
4326.1942525000
4327.5751193000
4328.9560989000
4330.3363667000
4331.7165375000
4333.0967845000
4334.4768165000
4335.8565844000
4337.2360091000
4338.6151599000
4339.9945871000
4341.3732629000
4342.7521351000
4344.1306650000
4345.5087818000
4346.8868642000
4348.2649231000
4349.6427493000
4351.0202484000
4352.3973752000
4353.7744387000
4355.1510163000
4356.5276074000
4357.9037082000
4359.2799406000
4360.6560355000
4362.0316264000
4363.4070377000
4364.7820625000
4366.1571256000
4367.5317949000
4368.9062409000
4370.2805399000
4371.6544088000
4373.0281287000
4374.4015972000
4375.7748997000
4377.1481875000
4378.5212429000
4379.8938826000
4381.2666230000
4382.6390551000
4384.0112010000
4385.3832186000
4386.7548755000
4388.1263450000
4389.4977154000
4390.8687260000
4392.2398174000
4393.6103123000
4394.9804751000
4396.3503121000
4397.7204064000
4399.0897553000
4400.4592188000
4401.8284092000
4403.1973716000
4404.5660272000
4405.9343189000
4407.3026741000
4408.6706987000
4410.0383791000
4411.4058793000
4412.7732480000
4414.1400420000
4415.5068882000
4416.8734170000
4418.2399161000
4419.6060046000
4420.9719967000
4422.3377178000
4423.7032568000
4425.0683566000
4426.4334036000
4427.7979068000
4429.1621216000
4430.5262846000
4431.8902238000
4433.2539118000
4434.6173805000
4435.9808065000
4437.3439348000
4438.7065604000
4440.0690661000
4441.4311655000
4442.7932863000
4444.1551775000
4445.5165106000
4446.8777502000
4448.2390051000
4449.5996200000
4450.9600967000
4452.3205366000
4453.6804829000
4455.0402503000
4456.3996597000
4457.7588738000
4459.1174924000
4460.4763319000
4461.8347066000
4463.1928536000
4464.5507431000
4465.9087278000
4467.2659553000
4468.6230709000
4469.9798028000
4471.3364997000
4472.6927395000
4474.0489524000
4475.4047200000
4476.7604016000
4478.1157142000
4479.4705657000
4480.8255849000
4482.1800652000
4483.5345329000
4484.8885710000
4486.2423070000
4487.5956643000
4488.9489040000
4490.3019282000
4491.6544721000
4493.0069437000
4494.3594368000
4495.7112002000
4497.0629576000
4498.4144129000
4499.7655447000
4501.1161717000
4502.4668009000
4503.8169766000
4505.1670268000
4506.5168958000
4507.8663763000
4509.2155066000
4510.5646249000
4511.9132992000
4513.2617727000
4514.6097744000
4515.9577566000
4517.3052545000
4518.6522210000
4519.9993612000
4521.3460788000
4522.6924997000
4524.0388843000
4525.3848084000
4526.7301863000
4528.0752782000
4529.4205163000
4530.7654104000
4532.1098465000
4533.4543807000
4534.7979706000
4536.1418386000
4537.4850553000
4538.8280175000
4540.1709154000
4541.5131523000
4542.8550569000
4544.1968666000
4545.5385776000
4546.8798125000
4548.2208206000
4549.5617602000
4550.9020652000
4552.2422309000
4553.5822197000
4554.9217439000
4556.2609545000
4557.5999755000
4558.9386103000
4560.2772602000
4561.6154019000
4562.9534215000
4564.2908128000
4565.6279775000
4566.9648812000
4568.3014097000
4569.6375372000
4570.9737250000
4572.3095024000
4573.6450414000
4574.9801531000
4576.3149619000
4577.6492404000
4578.9834940000
4580.3172989000
4581.6507626000
4582.9840288000
4584.3169530000
4585.6495611000
4586.9819345000
4588.3138782000
4589.6456655000
4590.9773927000
4592.3088015000
4593.6398554000
4594.9702769000
4596.3006407000
4597.6304504000
4598.9601978000
4600.2894490000
4601.6184906000
4602.9471832000
4604.2755478000
4605.6036881000
4606.9314372000
4608.2588587000
4609.5860500000
4610.9129392000
4612.2394067000
4613.5657136000
4614.8915966000
4616.2171903000
4617.5423695000
4618.8672449000
4620.1917514000
4621.5161116000
4622.8400347000
4624.1636022000
4625.4869963000
4626.8099132000
4628.1325962000
4629.4552418000
4630.7771780000
4632.0986028000
4633.4201855000
4634.7410344000
4636.0615756000
4637.3818559000
4638.7019299000
4640.0214609000
4641.3407321000
4642.6599484000
4643.9787734000
4645.2972359000
4646.6153155000
4647.9331665000
4649.2506836000
4650.5679361000
4651.8847949000
4653.2013197000
4654.5174162000
4655.8332145000
4657.1484944000
4658.4635616000
4659.7781987000
4661.0927962000
4662.4068169000
4663.7205664000
4665.0339500000
4666.3469495000
4667.6596872000
4668.9722984000
4670.2844305000
4671.5959644000
4672.9073379000
4674.2182869000
4675.5291447000
4676.8392733000
4678.1491609000
4679.4586849000
4680.7680570000
4682.0770106000
4683.3855529000
4684.6938746000
4686.0018636000
4687.3094965000
4688.6167296000
4689.9233738000
4691.2300558000
4692.5361622000
4693.8418600000
4695.1473744000
4696.4523488000
4697.7570651000
4699.0615523000
4700.3655640000
4701.6691196000
4702.9722015000
4704.2753008000
4705.5776943000
4706.8798943000
4708.1818087000
4709.4833382000
4710.7844836000
4712.0853665000
4713.3857615000
4714.6860587000
4715.9855968000
4717.2850682000
4718.5839680000
4719.8827734000
4721.1807833000
4722.4789247000
4723.7763512000
4725.0734084000
4726.3703796000
4727.6666253000
4728.9625469000
4730.2583589000
4731.5536842000
4732.8485526000
4734.1430363000
4735.4374746000
4736.7310886000
4738.0246759000
4739.3176287000
4740.6103523000
4741.9026150000
4743.1945073000
4744.4858338000
4745.7769231000
4747.0675643000
4748.3579314000
4749.6477854000
4750.9373396000
4752.2267587000
4753.5153699000
4754.8039054000
4756.0918440000
4757.3796490000
4758.6670579000
4759.9539669000
4761.2405103000
4762.5268000000
4763.8122696000
4765.0977182000
4766.3825888000
4767.6672111000
4768.9513675000
4770.2352749000
4771.5189734000
4772.8020655000
4774.0845491000
4775.3667434000
4776.6484655000
4777.9300162000
4779.2108370000
4780.4913877000
4781.7715210000
4783.0513985000
4784.3307605000
4785.6097232000
4786.8883899000
4788.1665800000
4789.4445343000
4790.7219786000
4791.9990095000
4793.2757339000
4794.5520474000
4795.8277676000
4797.1032620000
4798.3782316000
4799.6528295000
4800.9269093000
4802.2006639000
4803.4740470000
4804.7468236000
4806.0194131000
4807.2916871000
4808.5631820000
4809.8344682000
4811.1054010000
4812.3758034000
4813.6460329000
4814.9155325000
4816.1847135000
4817.4534428000
4818.7216500000
4819.9895611000
4821.2573752000
4822.5244571000
4823.7911469000
4825.0575849000
4826.3235531000
4827.5888591000
4828.8538394000
4830.1186062000
4831.3828942000
4832.6467951000
4833.9101080000
4835.1729246000
4836.4355002000
4837.6977980000
4838.9593128000
4840.2204493000
4841.4811236000
4842.7412470000
4844.0011836000
4845.2608760000
4846.5198583000
4847.7784026000
4849.0367410000
4850.2945119000
4851.5518397000
4852.8087604000
4854.0651789000
4855.3211391000
4856.5768230000
4857.8318807000
4859.0866150000
4860.3408863000
4861.5950101000
4862.8485667000
4864.1014713000
4865.3541686000
4866.6061741000
4867.8577402000
4869.1090094000
4870.3598584000
4871.6099736000
4872.8598582000
4874.1092916000
4875.3579751000
4876.6065823000
4877.8545213000
4879.1020661000
4880.3489688000
4881.5956740000
4882.8419438000
4884.0877830000
4885.3330490000
4886.5776978000
4887.8219641000
4889.0660197000
4890.3096930000
4891.5525694000
4892.7949826000
4894.0372135000
4895.2788277000
4896.5198660000
4897.7606429000
4899.0009084000
4900.2406275000
4901.4801549000
4902.7188259000
4903.9573567000
4905.1953289000
4906.4327814000
4907.6698860000
4908.9066554000
4910.1427784000
4911.3783325000
4912.6132580000
4913.8478527000
4915.0820211000
4916.3157461000
4917.5490111000
4918.7817750000
4920.0140836000
4921.2457818000
4922.4771865000
4923.7079904000
4924.9382599000
4926.1683820000
4927.3978413000
4928.6267082000
4929.8553758000
4931.0832588000
4932.3106733000
4933.5377889000
4934.7642639000
4935.9903139000
4937.2158007000
4938.4409577000
4939.6654980000
4940.8896145000
4942.1132920000
4943.3364277000
4944.5589306000
4945.7808311000
4947.0023011000
4948.2235161000
4949.4440589000
4950.6641157000
4951.8837809000
4953.1030476000
4954.3217444000
4955.5399295000
4956.7575956000
4957.9748703000
4959.1914606000
4960.4076353000
4961.6231876000
4962.8383460000
4964.0528239000
4965.2671025000
4966.4808400000
4967.6940778000
4968.9067135000
4970.1187962000
4971.3305552000
4972.5418027000
4973.7523244000
4974.9625022000
4976.1720837000
4977.3812484000
4978.5899273000
4979.7981291000
4981.0057515000
4982.2126586000
4983.4191668000
4984.6250346000
4985.8304090000
4987.0353369000
4988.2398548000
4989.4437197000
4990.6469423000
4991.8499655000
4993.0523894000
4994.2543243000
4995.4558161000
4996.6565881000
4997.8566147000
4999.0563774000
5000.2555931000
5001.4540755000
5002.6524495000
5003.8498761000
5005.0467729000
5006.2432791000
5007.4391860000
5008.6344809000
5009.8296474000
5011.0240941000
5012.2180141000
5013.4113308000
5014.6041715000
5015.7964711000
5016.9881284000
5018.1793314000
5019.3700800000
5020.5600581000
5021.7496114000
5022.9387198000
5024.1271335000
5025.3153629000
5026.5027592000
5027.6895736000
5028.8757258000
5030.0614973000
5031.2466935000
5032.4312769000
5033.6153860000
5034.7991024000
5035.9822062000
5037.1645749000
5038.3465102000
5039.5278797000
5040.7085251000
5041.8885897000
5043.0685221000
5044.2475121000
5045.4260465000
5046.6041633000
5047.7817264000
5048.9588358000
5050.1351680000
5051.3108543000
5052.4860944000
5053.6609129000
5054.8349117000
5056.0085043000
5057.1813766000
5058.3538692000
5059.5257661000
5060.6970337000
5061.8677929000
5063.0378807000
5064.2072750000
5065.3763744000
5066.5448922000
5067.7127179000
5068.8799264000
5070.0466230000
5071.2127865000
5072.3784131000
5073.5434228000
5074.7077724000
5075.8715205000
5077.0347479000
5078.1972759000
5079.3592627000
5080.5207242000
5081.6817591000
5082.8419689000
5084.0016044000
5085.1606427000
5086.3191130000
5087.4769982000
5088.6342005000
5089.7908558000
5090.9471490000
5092.1027774000
5093.2577108000
5094.4119827000
5095.5659146000
5096.7191075000
5097.8718475000
5099.0237924000
5100.1753430000
5101.3261648000
5102.4763722000
5103.6259111000
5104.7749223000
5105.9232370000
5107.0711648000
5108.2181932000
5109.3644388000
5110.5105385000
5111.6558811000
5112.8005159000
5113.9445840000
5115.0879277000
5116.2306618000
5117.3727756000
5118.5145753000
5119.6555427000
5120.7960695000
5121.9360738000
5123.0753553000
5124.2139392000
5125.3517767000
5126.4892970000
5127.6258835000
5128.7619209000
5129.8974476000
5131.0322208000
5132.1664800000
5133.3001446000
5134.4330124000
5135.5652472000
5136.6969367000
5137.8280289000
5138.9583268000
5140.0881331000
5141.2173589000
5142.3458901000
5143.4737677000
5144.6009998000
5145.7276918000
5146.8539457000
5147.9793091000
5149.1041293000
5150.2282987000
5151.3516802000
5152.4744740000
5153.5966301000
5154.7183757000
5155.8393343000
5156.9597647000
5158.0791859000
5159.1982098000
5160.3164424000
5161.4341282000
5162.5512604000
5163.6674563000
5164.7833118000
5165.8984831000
5167.0129036000
5168.1266712000
5169.2396313000
5170.3522573000
5171.4640646000
5172.5750636000
5173.6853078000
5174.7952678000
5175.9044767000
5177.0131137000
5178.1209329000
5179.2280161000
5180.3346118000
5181.4404827000
5182.5457074000
5183.6501190000
5184.7538982000
5185.8570579000
5186.9595335000
5188.0614547000
5189.1625957000
5190.2628916000
5191.3627873000
5192.4619374000
5193.5603130000
5194.6581386000
5195.7552474000
5196.8515615000
5197.9473293000
5199.0422941000
5200.1366354000
5201.2301698000
5202.3231589000
5203.4155002000
5204.5072684000
5205.5982980000
5206.6884853000
5207.7779856000
5208.8668737000
5209.9550414000
5211.0425586000
5212.1293282000
5213.2154896000
5214.3008153000
5215.3855536000
5216.4693683000
5217.5528418000
5218.6356301000
5219.7176528000
5220.7988330000
5221.8791278000
5222.9590089000
5224.0382294000
5225.1165627000
5226.1941985000
5227.2713102000
5228.3474751000
5229.4230331000
5230.4977326000
5231.5718789000
5232.6454412000
5233.7179716000
5234.7902909000
5235.8615757000
5236.9320757000
5238.0019720000
5239.0711814000
5240.1393963000
5241.2071232000
5242.2741695000
5243.3402820000
5244.4057630000
5245.4706602000
5246.5348447000
5247.5981851000
5248.6607288000
5249.7226567000
5250.7836009000
5251.8440780000
5252.9037773000
5253.9629002000
5255.0212744000
5256.0787983000
5257.1356515000
5258.1916501000
5259.2471594000
5260.3015842000
5261.3554177000
5262.4083835000
5263.4606593000
5264.5122069000
5265.5629828000
5266.6132171000
5267.6625458000
5268.7111145000
5269.7588918000
5270.8061186000
5271.8525012000
5272.8982310000
5273.9431487000
5274.9870880000
5276.0304578000
5277.0731754000
5278.1149747000
5279.1560745000
5280.1962615000
5281.2358123000
5282.2745887000
5283.3126045000
5284.3500137000
5285.3863332000
5286.4222060000
5287.4570266000
5288.4912649000
5289.5245990000
5290.5572377000
5291.5891481000
5292.6201476000
5293.6505887000
5294.6800836000
5295.7088918000
5296.7369121000
5297.7643042000
5298.7906079000
5299.8163890000
5300.8412231000
5301.8654626000
5302.8885900000
5303.9113667000
5304.9331614000
5305.9541776000
5306.9744395000
5307.9940397000
5309.0127978000
5310.0307291000
5311.0476532000
5312.0639235000
5313.0791739000
5314.0937567000
5315.1076658000
5316.1205692000
5317.1329919000
5318.1443526000
5319.1551204000
5320.1649741000
5321.1740381000
5322.1823180000
5323.1899004000
5324.1964222000
5325.2022647000
5326.2074902000
5327.2118352000
5328.2149442000
5329.2174971000
5330.2192937000
5331.2202477000
5332.2204152000
5333.2198043000
5334.2182327000
5335.2156424000
5336.2125483000
5337.2086052000
5338.2037288000
5339.1982997000
5340.1919868000
5341.1845024000
5342.1765773000
5343.1676300000
5344.1580049000
5345.1473491000
5346.1359988000
5347.1237922000
5348.1106184000
5349.0967079000
5350.0821448000
5351.0667043000
5352.0502690000
5353.0329474000
5354.0145263000
5354.9954371000
5355.9755536000
5356.9549986000
5357.9335166000
5358.9109982000
5359.8879327000
5360.8639934000
5361.8390783000
5362.8131592000
5363.7867074000
5364.7590085000
5365.7307917000
5366.7016631000
5367.6716297000
5368.6406493000
5369.6089380000
5370.5764425000
5371.5432023000
5372.5087246000
5373.4735666000
5374.4375904000
5375.4007623000
5376.3631400000
5377.3244863000
5378.2849872000
5379.2445649000
5380.2032778000
5381.1612262000
5382.1183310000
5383.0744904000
5384.0299021000
5384.9842614000
5385.9376395000
5386.8902414000
5387.8419837000
5388.7928024000
5389.7429283000
5390.6917885000
5391.6400222000
5392.5873276000
5393.5337392000
5394.4793077000
5395.4241368000
5396.3680446000
5397.3109931000
5398.2529326000
5399.1941328000
5400.1342041000
5401.0734687000
5402.0116661000
5402.9492041000
5403.8857969000
5404.8215836000
5405.7564884000
5406.6903996000
5407.6232808000
5408.5552491000
5409.4863003000
5410.4165783000
5411.3459941000
5412.2743814000
5413.2017193000
5414.1282492000
5415.0539427000
5415.9786312000
5416.9022922000
5417.8251499000
5418.7470160000
5419.6679850000
5420.5880700000
5421.5072510000
5422.4254634000
5423.3426989000
5424.2591531000
5425.1746191000
5426.0892354000
5427.0027942000
5427.9155825000
5428.8273426000
5429.7381136000
5430.6478560000
5431.5569302000
5432.4649586000
5433.3717523000
5434.2778702000
5435.1831284000
5436.0873286000
5436.9903375000
5437.8926596000
5438.7939363000
5439.6943547000
5440.5937934000
5441.4922472000
5442.3898624000
5443.2864833000
5444.1820602000
5445.0766434000
5445.9702669000
5446.8629031000
5447.7546941000
5448.6454702000
5449.5353351000
5450.4240815000
5451.3120406000
5452.1989820000
5453.0849740000
5453.9699776000
5454.8538947000
5455.7368995000
5456.6188941000
5457.5000964000
5458.3800856000
5459.2591349000
5460.1373646000
5461.0145874000
5461.8906303000
5462.7657050000
5463.6398614000
5464.5131011000
5465.3853126000
5466.2565542000
5467.1266148000
5467.9957573000
5468.8639804000
5469.7312443000
5470.5977832000
5471.4630388000
5472.3272785000
5473.1904875000
5474.0528655000
5474.9141155000
5475.7744416000
5476.6337848000
5477.4919527000
5478.3490995000
5479.2051173000
5480.0603806000
5480.9144613000
5481.7676055000
5482.6196262000
5483.4707826000
5484.3209370000
5485.1699357000
5486.0182343000
5486.8653477000
5487.7114746000
5488.5564283000
5489.4003704000
5490.2432754000
5491.0851480000
5491.9259599000
5492.7659007000
5493.6047378000
5494.4426874000
5495.2795642000
5496.1153727000
5496.9500205000
5497.7836878000
5498.6164418000
5499.4480725000
5500.2784394000
5501.1079759000
5501.9364002000
5502.7635842000
5503.5899301000
5504.4150936000
5505.2394151000
5506.0625748000
5506.8846088000
5507.7056654000
5508.5255322000
5509.3445357000
5510.1624998000
5510.9793173000
5511.7950873000
5512.6097380000
5513.4233473000
5514.2359891000
5515.0475664000
5515.8579358000
5516.6672465000
5517.4755160000
5518.2826840000
5519.0886192000
5519.8936200000
5520.6975907000
5521.5004532000
5522.3021723000
5523.1028401000
5523.9024783000
5524.7010602000
5525.4983756000
5526.2947582000
5527.0899390000
5527.8840050000
5528.6772790000
5529.4692066000
5530.2600638000
5531.0498540000
5531.8383120000
5532.6260252000
5533.4124978000
5534.1979199000
5534.9823448000
5535.7653816000
5536.5475419000
5537.3284962000
5538.1083385000
5538.8869365000
5539.6646007000
5540.4410456000
5541.2164533000
5541.9907091000
5542.7638803000
5543.5357066000
5544.3065077000
5545.0762806000
5545.8449227000
5546.6123553000
5547.3787308000
5548.1438622000
5548.9079341000
5549.6709411000
5550.4327025000
5551.1935223000
5551.9530767000
5552.7116723000
5553.4689662000
5554.2251102000
5554.9800913000
5555.7338440000
5556.4865902000
5557.2380756000
5557.9883116000
5558.7376742000
5559.4858782000
5560.2326775000
5560.9785508000
5561.7232079000
5562.4667093000
5563.2089986000
5563.9500914000
5564.6901841000
5565.4292290000
5566.1669117000
5566.9034698000
5567.6387486000
5568.3728601000
5569.1058623000
5569.8375810000
5570.5682621000
5571.2977059000
5572.0260048000
5572.7532756000
5573.4790558000
5574.2038327000
5574.9275202000
5575.6499286000
5576.3711711000
5577.0909843000
5577.8097686000
5578.5273067000
5579.2436785000
5579.9588974000
5580.6729644000
5581.3858027000
5582.0973979000
5582.8076004000
5583.5167419000
5584.2247414000
5584.9316757000
5585.6372973000
5586.3417070000
5587.0450065000
5587.7471147000
5588.4477979000
5589.1473646000
5589.8456975000
5590.5427971000
5591.2387626000
5591.9334668000
5592.6270525000
5593.3191619000
5594.0101728000
5594.6999774000
5595.3885130000
5596.0758342000
5596.7619127000
5597.4465235000
5598.1301460000
5598.8125573000
5599.4936883000
5600.1737433000
5600.8522676000
5601.5296631000
5602.2057151000
5602.8804857000
5603.5542436000
5604.2266691000
5604.8977538000
5605.5675973000
5606.2362315000
5606.9037320000
5607.5699157000
5608.2346728000
5608.8983705000
5609.5608973000
5610.2219535000
5610.8816344000
5611.5401247000
5612.1973821000
5612.8533190000
5613.5081167000
5614.1615423000
5614.8137176000
5615.4645992000
5616.1143705000
5616.7627632000
5617.4100319000
5618.0558919000
5618.7004561000
5619.3435997000
5619.9856336000
5620.6261997000
5621.2656214000
5621.9037467000
5622.5404576000
5623.1759429000
5623.8100495000
5624.4430459000
5625.0746086000
5625.7048215000
5626.3339829000
5626.9615885000
5627.5879503000
5628.2129820000
5628.8367243000
5629.4590623000
5630.0800316000
5630.6997053000
5631.3181033000
5631.9352221000
5632.5509550000
5633.1655094000
5633.7785474000
5634.3902063000
5635.0007518000
5635.6097107000
5636.2175069000
5636.8237642000
5637.4289608000
5638.0325668000
5638.6350382000
5639.2359876000
5639.8357133000
5640.4340287000
5641.0312148000
5641.6269714000
5642.2213578000
5642.8142869000
5643.4059928000
5643.9961906000
5644.5851471000
5645.1727717000
5645.7589586000
5646.3438100000
5646.9273178000
5647.5093958000
5648.0901371000
5648.6695311000
5649.2476092000
5649.8241961000
5650.3993357000
5650.9731950000
5651.5456819000
5652.1168648000
5652.6866855000
5653.2550124000
5653.8218782000
5654.3872969000
5654.9513810000
5655.5141537000
5656.0755043000
5656.6355596000
5657.1942306000
5657.7514805000
5658.3072762000
5658.8615494000
5659.4145035000
5659.9660000000
5660.5160360000
5661.0648218000
5661.6123118000
5662.1583503000
5662.7028165000
5663.2457763000
5663.7875909000
5664.3278000000
5664.8666062000
5665.4041215000
5665.9400481000
5666.4745984000
5667.0077716000
5667.5394436000
5668.0697359000
5668.5985624000
5669.1259490000
5669.6519338000
5670.1765173000
5670.6995615000
5671.2211395000
5671.7411884000
5672.2597900000
5672.7770454000
5673.2928550000
5673.8071202000
5674.3201340000
5674.8314345000
5675.3414435000
5675.8501245000
5676.3572970000
5676.8630883000
5677.3671120000
5677.8696193000
5678.3707913000
5678.8705842000
5679.3687354000
5679.8655428000
5680.3608333000
5680.8545566000
5681.3469005000
5681.8377514000
5682.3268690000
5682.8147156000
5683.3009479000
5683.7857066000
5684.2689921000
5684.7508310000
5685.2312213000
5685.7101382000
5686.1875346000
5686.6633382000
5687.1376821000
5687.6107384000
5688.0820516000
5688.5518099000
5689.0202113000
5689.4869783000
5689.9523629000
5690.4160896000
5690.8782521000
5691.3389874000
5691.7982020000
5692.2559164000
5692.7119535000
5693.1665524000
5693.6196632000
5694.0709478000
5694.5207712000
5694.9692227000
5695.4160346000
5695.8615125000
5696.3051904000
5696.7473824000
5697.1879846000
5697.6270008000
5698.0644600000
5698.5003749000
5698.9347588000
5699.3677709000
5699.7991109000
5700.2287321000
5700.6569911000
5701.0835503000
5701.5084991000
5701.9318917000
5702.3536465000
5702.7739264000
5703.1925380000
5703.6096584000
5704.0251766000
5704.4389582000
5704.8514027000
5705.2621724000
5705.6713072000
5706.0789093000
5706.4848094000
5706.8892067000
5707.2918796000
5707.6929971000
5708.0925425000
5708.4903202000
5708.8865395000
5709.2812732000
5709.6742363000
5710.0657268000
5710.4556349000
5710.8438582000
5711.2302893000
5711.6153137000
5711.9986184000
5712.3803672000
5712.7606141000
5713.1389562000
5713.5155614000
5713.8907736000
5714.2642338000
5714.6360258000
5715.0061160000
5715.3747619000
5715.7415608000
5716.1067035000
5716.4701577000
5716.8320872000
5717.1923392000
5717.5510821000
5717.9080380000
5718.2631684000
5718.6168645000
5718.9686712000
5719.3187990000
5719.6673169000
5720.0142595000
5720.3592925000
5720.7028130000
5721.0446317000
5721.3847537000
5721.7232373000
5722.0599603000
5722.3949591000
5722.7282210000
5723.0598706000
5723.3898791000
5723.7179323000
5724.0444955000
5724.3692773000
5724.6923647000
5725.0138506000
5725.3336574000
5725.6517207000
5725.9679082000
5726.2824040000
5726.5951500000
5726.9062883000
5727.2156786000
5727.5232632000
5727.8291211000
5728.1331468000
5728.4355470000
5728.7360719000
5729.0349771000
5729.3320767000
5729.6275361000
5729.9211653000
5730.2128446000
5730.5028086000
5730.7912020000
5731.0777168000
5731.3625505000
5731.6454443000
5731.9266965000
5732.2060878000
5732.4838021000
5732.7595892000
5733.0338512000
5733.3061553000
5733.5767258000
5733.8454159000
5734.1123971000
5734.3775186000
5734.6408730000
5734.9023948000
5735.1621038000
5735.4201014000
5735.6762990000
5735.9306568000
5736.1832377000
5736.4339659000
5736.6829702000
5736.9300538000
5737.1752079000
5737.4186900000
5737.6604430000
5737.9002328000
5738.1381001000
5738.3741658000
5738.6083484000
5738.8406762000
5739.0712755000
5739.2998894000
5739.5266874000
5739.7516401000
5739.9746576000
5740.1959779000
5740.4153194000
5740.6328025000
5740.8486100000
5741.0624920000
5741.2743260000
5741.4844201000
5741.6923674000
5741.8986382000
5742.1029955000
5742.3054122000
5742.5060750000
5742.7048268000
5742.9017029000
5743.0965450000
5743.2895487000
5743.4805351000
5743.6697561000
5743.8569910000
5744.0424161000
5744.2256916000
5744.4073265000
5744.5867992000
5744.7644875000
5744.9403015000
5745.1141193000
5745.2860710000
5745.4560076000
5745.6240592000
5745.7901029000
5745.9541950000
5746.1163329000
5746.2763962000
5746.4346203000
5746.5908674000
5746.7451284000
5746.8973406000
5747.0476229000
5747.1960679000
5747.3425267000
5747.4870224000
5747.6294749000
5747.7700121000
5747.9085404000
5748.0450581000
5748.1796332000
5748.3122134000
5748.4426119000
5748.5711328000
5748.6976878000
5748.8221800000
5748.9448035000
5749.0652489000
5749.1836826000
5749.3000302000
5749.4143811000
5749.5267745000
5749.6371941000
5749.7454575000
5749.8517695000
5749.9559516000
5750.0580138000
5750.1581179000
5750.2562308000
5750.3522431000
5750.4461158000
5750.5381027000
5750.6279419000
5750.7156197000
5750.8013527000
5750.8850817000
5750.9666363000
5751.0460231000
5751.1233688000
5751.1985879000
5751.2717412000
5751.3428009000
5751.4118085000
5751.4785877000
5751.5433179000
5751.6059748000
5751.6664639000
5751.7248577000
5751.7810919000
5751.8352875000
5751.8873130000
5751.9372082000
5751.9848869000
5752.0304395000
5752.0740378000
5752.1154060000
5752.1545537000
5752.1916005000
5752.2264330000
5752.2590757000
5752.2897046000
5752.3180493000
5752.3439680000
5752.3680508000
5752.3899975000
5752.4095762000
5752.4271342000
5752.4423506000
5752.4553514000
5752.4659714000
5752.4747398000
5752.4812274000
5752.4854289000
5752.4875153000
5752.4872110000
5752.4848171000
5752.4801625000
5752.4733478000
5752.4641925000
5752.4528263000
5752.4392263000
5752.4234076000
5752.4052503000
5752.3848505000
5752.3623126000
5752.3374086000
5752.3102346000
5752.2806350000
5752.2490063000
5752.2150847000
5752.1787727000
5752.1402105000
5752.0993081000
5752.0562478000
5752.0108499000
5751.9629053000
5751.9127659000
5751.8603209000
5751.8056463000
5751.7487091000
5751.6892573000
5751.6274952000
5751.5634992000
5751.4971444000
5751.4284362000
5751.3574166000
5751.2838918000
5751.2080540000
5751.1298216000
5751.0492918000
5750.9663168000
5750.8809105000
5750.7931282000
5750.7029703000
5750.6105657000
5750.5157487000
5750.4184803000
5750.3187254000
5750.2165768000
5750.1119574000
5750.0050397000
5749.8956812000
5749.7839211000
5749.6697365000
5749.5530655000
5749.4340499000
5749.3124458000
5749.1883822000
5749.0619333000
5748.9330702000
5748.8017542000
5748.6679133000
5748.5315549000
5748.3927390000
5748.2515261000
5748.1075656000
5747.9613196000
5747.8126611000
5747.6614884000
5747.5077461000
5747.3516444000
5747.1928988000
5747.0315616000
5746.8676075000
5746.7012266000
5746.5322263000
5746.3606760000
5746.1868107000
5746.0101897000
5745.8306516000
5745.6489135000
5745.4647050000
5745.2777693000
5745.0882455000
5744.8961620000
5744.7014560000
5744.5040007000
5744.3041066000
5744.1015787000
5743.8964992000
5743.6887903000
5743.4784174000
5743.2654192000
5743.0497517000
5742.8313813000
5742.6103782000
5742.3867803000
5742.1605197000
5741.9315635000
5741.6999425000
5741.4654573000
5741.2284351000
5740.9886983000
5740.7463035000
5740.5011467000
5740.2533826000
5740.0027459000
5739.7493805000
5739.4934455000
5739.2345984000
5738.9731691000
5738.7090416000
5738.4419430000
5738.1720717000
5737.8994601000
5737.6241768000
5737.3461465000
5737.0652727000
5736.7815261000
5736.4949980000
5736.2056665000
5735.9135702000
5735.6185703000
5735.3208560000
5735.0202469000
5734.7167517000
5734.4104885000
5734.1014144000
5733.7894291000
5733.4747057000
5733.1569135000
5732.8361352000
5732.5125705000
5732.1860897000
5731.8567597000
5731.5244458000
5731.1892398000
5730.8510982000
5730.5100417000
5730.1661545000
5729.8191570000
5729.4692660000
5729.1164982000
5728.7607032000
5728.4018507000
5728.0400793000
5727.6753798000
5727.3074990000
5726.9367748000
5726.5631597000
5726.1864702000
5725.8066759000
5725.4237430000
5725.0379294000
5724.6489905000
5724.2570203000
5723.8619904000
5723.4638546000
5723.0626128000
5722.6581535000
5722.2506111000
5721.8400676000
5721.4264852000
5721.0097695000
5720.5897305000
5720.1666920000
5719.7405739000
5719.3112227000
5718.8786119000
5718.4427323000
5718.0037187000
5717.5615592000
5717.1163045000
5716.6678264000
5716.2159916000
5715.7608782000
5715.3026271000
5714.8412825000
5714.3763887000
5713.9083460000
5713.4370680000
5712.9624959000
5712.4845444000
5712.0032911000
5711.5186741000
5711.0309517000
5710.5399136000
5710.0454198000
5709.5476857000
5709.0466157000
5708.5420686000
5708.0343341000
5707.5230595000
5707.0082683000
5706.4901884000
5705.9685965000
5705.4437336000
5704.9152837000
5704.3836084000
5703.8482186000
5703.3093251000
5702.7670632000
5702.2211344000
5701.6717640000
5701.1190267000
5700.5625401000
5700.0026580000
5699.4393739000
5698.8725705000
5698.3020156000
5697.7279674000
5697.1503475000
5696.5690605000
5695.9842158000
5695.3958349000
5694.8034150000
5694.2077518000
5693.6083344000
5693.0052700000
5692.3984717000
5691.7877396000
5691.1735664000
5690.5555856000
5689.9339446000
5689.3084671000
5688.6792713000
5688.0464133000
5687.4097633000
5686.7691842000
5686.1250703000
5685.4766962000
5684.8246190000
5684.1687244000
5683.5089135000
5682.8452162000
5682.1778303000
5681.5065526000
5680.8312417000
5680.1521049000
5679.4689045000
5678.7816382000
5678.0904611000
5677.3955440000
5676.6964253000
5675.9933961000
5675.2862913000
5674.5753359000
5673.8600885000
5673.1406770000
5672.4172529000
5671.6898512000
5670.9583408000
5670.2223981000
5669.4823597000
5668.7384876000
5667.9902955000
5667.2379617000
5666.4813252000
5665.7204831000
5664.9553887000
5664.1860476000
5663.4124275000
5662.6344897000
5661.8523936000
5661.0659607000
5660.2753460000
5659.4802049000
5658.6807392000
5657.8768458000
5657.0686425000
5656.2558130000
5655.4386270000
5654.6169622000
5653.7907906000
5652.9601672000
5652.1248330000
5651.2849649000
5650.4407090000
5649.5918164000
5648.7382494000
5647.8802358000
5647.0171881000
5646.1497828000
5645.2777912000
5644.4009978000
5643.5192292000
5642.6330769000
5641.7420936000
5640.8461420000
5639.9457102000
5639.0405325000
5638.1305353000
5637.2153189000
5636.2954701000
5635.3708117000
5634.4410699000
5633.5064894000
5632.5668491000
5631.6221254000
5630.6725893000
5629.7179415000
5628.7580059000
5627.7931952000
5626.8232254000
5625.8478894000
5624.8675283000
5623.8819863000
5622.8914789000
5621.8955132000
5620.8943351000
5619.8881415000
5618.8763970000
5617.8594103000
5616.8370624000
5615.8091510000
5614.7757461000
5613.7369149000
5612.6925156000
5611.6427665000
5610.5873873000
5609.5265238000
5608.4602003000
5607.3881225000
5606.3104078000
5605.2270185000
5604.1379299000
5603.0429390000
5601.9425815000
5600.8363298000
5599.7240365000
5598.6060375000
5597.4819741000
5596.3520218000
5595.2162004000
5594.0742444000
5592.9262905000
5591.7722408000
5590.6121427000
5589.4458840000
5588.2735059000
5587.0949378000
5585.9101367000
5584.7189401000
5583.5217238000
5582.3178252000
5581.1078377000
5579.8912005000
5578.6681416000
5577.4383526000
5576.2023032000
5574.9594995000
5573.7105065000
5572.4544153000
5571.1914757000
5569.9215449000
5568.6451596000
5567.3621362000
5566.0716511000
5564.7743929000
5563.4701044000
5562.1589737000
5560.8405324000
5559.5151462000
5558.1822557000
5556.8423509000
5555.4949507000
5554.1403427000
5552.7786332000
5551.4090483000
5550.0322860000
5548.6477939000
5547.2560122000
5545.8562656000
5544.4487402000
5543.0337771000
5541.6105570000
5540.1795545000
5538.7408092000
5537.2939607000
5535.8391832000
5534.3759713000
5532.9044333000
5531.4250334000
5529.9370859000
5528.4407971000
5526.9364015000
5525.4231529000
5523.9012116000
5522.3708083000
5520.8314378000
5519.2834480000
5517.7265184000
5516.1602184000
5514.5849561000
5513.0003391000
5511.4066493000
5509.8033523000
5508.1908914000
5506.5690875000
5504.9370751000
5503.2965154000
5501.6457946000
5499.9851539000
5498.3144542000
5496.6334761000
5494.9423016000
5493.2416308000
5491.5300226000
5489.8079835000
5488.0754017000
5486.3321456000
5484.5777019000
5482.8131373000
5481.0373774000
5479.2505229000
5477.4518769000
5475.6423100000
5473.8209281000
5471.9880184000
5470.1432409000
5468.2869367000
5466.4185658000
5464.5376449000
5462.6442057000
5460.7386039000
5458.8201568000
5456.8890280000
5454.9450181000
5452.9877264000
5451.0170669000
5449.0330958000
5447.0353294000
5445.0236918000
5442.9976929000
5440.9575770000
5438.9027732000
5436.8334552000
5434.7494851000
5432.6501911000
5430.5359745000
5428.4058696000
5426.2600827000
5424.0985468000
5421.9202902000
5419.7255518000
5417.5139982000
5415.2852728000
5413.0386904000
5410.7747458000
5408.4921880000
5406.1914232000
5403.8721070000
5401.5333716000
5399.1755171000
5396.7974430000
5394.3994026000
5391.9804375000
5389.5403029000
5387.0783485000
5384.5946058000
5382.0886199000
5379.5595785000
5377.0064507000
5374.4291906000
5371.8275290000
5369.2005999000
5366.5468565000
5363.8672985000
5361.1599805000
5358.4246960000
5355.6601652000
5352.8658845000
5350.0411177000
5347.1838330000
5344.2939531000
5341.3701750000
5338.4110301000
5335.4160404000
5332.3826918000
5329.3099461000
5326.1970743000
5323.0409698000
5319.8408732000
5316.5941112000
5313.2990182000
5309.9519149000
5306.5498736000
5303.0912945000
5299.5722470000
5295.9882915000
5292.3357654000
5288.6080543000
5284.8011473000
5280.9075163000
5276.9174344000
5272.8228539000
5268.6107754000
5264.2643351000
5259.7636242000
5255.0806605000
5250.1748276000
5244.9820583000
5239.3844551000
5233.0929743000
