2.3025850000
11.3020997000
11.9986417000
14.0773369000
19.6065435000
15.8680134000
21.0156080000
23.0732057000
27.5009729000
25.1614925000
29.3522384000
31.3744005000
35.1120258000
33.6959649000
37.2938072000
39.2737778000
42.4994049000
41.7879370000
44.9596140000
46.8875472000
49.7183368000
49.5693363000
52.4098609000
54.2864686000
56.7984675000
57.1097770000
59.6885151000
61.5150614000
63.7734955000
64.4593753000
66.8272209000
68.6052536000
70.6646232000
71.6494071000
73.8429544000
75.5792048000
77.4929172000
78.7039751000
80.7573832000
82.4593040000
84.2680654000
85.6450679000
87.5851830000
89.2576611000
90.9965434000
92.4855734000
94.3357472000
95.9884646000
97.6842537000
99.2421414000
101.0215694000
102.6595525000
104.3277250000
105.9232014000
107.6490027000
109.2757246000
110.9257124000
112.5381942000
114.2235908000
115.8438104000
117.4796762000
119.0961625000
120.7506404000
122.3647380000
123.9888936000
125.6031309000
127.2345984000
128.8418790000
130.4550948000
132.0638145000
133.6785860000
135.2779068000
136.8814699000
138.4816694000
140.0842722000
141.6763949000
143.2705407000
144.8621457000
146.4522324000
148.0375277000
149.6236283000
151.2053727000
152.7858918000
154.3642080000
155.9415242000
157.5163239000
159.0885763000
160.6592738000
162.2276719000
163.7960567000
165.3607127000
166.9235567000
168.4850731000
170.0456675000
171.6024924000
173.1590402000
174.7138003000
176.2678910000
177.8176931000
179.3677480000
180.9160461000
182.4630998000
184.0077882000
185.5513727000
187.0932872000
188.6338981000
190.1716147000
191.7091318000
193.2451362000
194.7798889000
196.3123358000
197.8439120000
199.3746960000
200.9028110000
202.4306573000
203.9573101000
205.4820937000
207.0049019000
208.5264309000
210.0483812000
211.5664812000
213.0847618000
214.6023977000
216.1182320000
217.6329124000
219.1460384000
220.6579112000
222.1690315000
223.6786622000
225.1869833000
226.6955417000
228.2024696000
229.7069144000
231.2118983000
232.7153945000
234.2180171000
235.7179238000
237.2183401000
238.7175782000
240.2143141000
241.7117365000
243.2074350000
244.7026729000
246.1956701000
247.6889892000
249.1820083000
250.6724779000
252.1621147000
253.6524580000
255.1411815000
256.6276136000
258.1150480000
259.6004835000
261.0847810000
262.5687178000
264.0524203000
265.5342830000
267.0156083000
268.4955876000
269.9754829000
271.4546908000
272.9326334000
274.4103788000
275.8862049000
277.3618668000
278.8363553000
280.3108900000
281.7836847000
283.2561049000
284.7283577000
286.1991517000
287.6692604000
289.1390658000
290.6090294000
292.0767455000
293.5444879000
295.0104304000
296.4771458000
297.9428104000
299.4067079000
300.8707858000
302.3345602000
303.7969277000
305.2594929000
306.7210261000
308.1820813000
309.6423562000
311.1014871000
312.5608318000
314.0184901000
315.4763547000
316.9338800000
318.3898101000
319.8461116000
321.3012292000
322.7560603000
324.2107085000
325.6644566000
327.1173052000
328.5690784000
330.0217668000
331.4732376000
332.9238548000
334.3745181000
335.8238192000
337.2730344000
338.7220956000
340.1702807000
341.6179084000
343.0654960000
344.5124118000
345.9590390000
347.4045635000
348.8497626000
350.2947849000
351.7395683000
353.1833099000
354.6268097000
356.0695532000
357.5125472000
358.9547399000
360.3963756000
361.8377882000
363.2784045000
364.7193012000
366.1592241000
367.5989095000
369.0379387000
370.4762571000
371.9149662000
373.3527889000
374.7905113000
376.2273940000
377.6640437000
379.1004595000
380.5361734000
381.9721637000
383.4070720000
384.8418972000
386.2760869000
387.7100521000
389.1440479000
390.5775348000
392.0106231000
393.4431554000
394.8755229000
396.3075419000
397.7393752000
399.1703387000
400.6016338000
402.0322158000
403.4620077000
404.8917637000
406.3219666000
407.7513689000
409.1813119000
410.6096454000
412.0379267000
413.4661223000
414.8942017000
416.3216829000
417.7493500000
419.1763472000
420.6027328000
422.0295771000
423.4557685000
424.8819753000
426.3073625000
427.7325155000
429.1579052000
430.5828654000
432.0077566000
433.4321254000
434.8560295000
436.2802118000
437.7040723000
439.1273373000
440.5508707000
441.9743292000
443.3965023000
444.8190854000
446.2416530000
447.6640900000
449.0855838000
450.5068696000
451.9284639000
453.3493866000
454.7704758000
456.1912402000
457.6120474000
459.0323840000
460.4523609000
461.8728252000
463.2924791000
464.7126834000
466.1316987000
467.5512970000
468.9700496000
470.3889500000
471.8077206000
473.2257081000
474.6440246000
476.0625268000
477.4805773000
478.8982731000
480.3156377000
481.7331877000
483.1505485000
484.5678534000
485.9848091000
487.4019773000
488.8186017000
490.2354024000
491.6518647000
493.0679604000
494.4841554000
495.8999539000
497.3159752000
498.7318701000
500.1473271000
501.5628220000
502.9782524000
504.3936031000
505.8084816000
507.2234521000
508.6385919000
510.0534231000
511.4680406000
512.8824828000
514.2969252000
515.7109363000
517.1252899000
518.5393734000
519.9532228000
521.3670941000
522.7809166000
524.1949036000
525.6086930000
527.0226538000
528.4361891000
529.8490092000
531.2625519000
532.6753842000
534.0891747000
535.5019572000
536.9151600000
538.3278964000
539.7410757000
541.1539753000
542.5667944000
543.9796270000
545.3920054000
546.8044176000
548.2169230000
549.6288208000
551.0408368000
552.4532360000
553.8651361000
555.2769280000
556.6890543000
558.1014040000
559.5130899000
560.9241692000
562.3359999000
563.7475521000
565.1594998000
566.5709891000
567.9819172000
569.3937822000
570.8057527000
572.2168816000
573.6275812000
575.0390492000
576.4503384000
577.8616732000
579.2726681000
580.6838787000
582.0945361000
583.5055883000
584.9167609000
586.3275786000
587.7384338000
589.1497307000
590.5601788000
591.9710146000
593.3819102000
594.7929275000
596.2031811000
597.6141461000
599.0246823000
600.4351350000
601.8463188000
603.2569395000
604.6680070000
606.0784118000
607.4887618000
608.8994231000
610.3101827000
611.7204159000
613.1307682000
614.5411603000
615.9522465000
617.3626619000
618.7731878000
620.1835875000
621.5942263000
623.0048754000
624.4151616000
625.8254165000
627.2361728000
628.6465185000
630.0569081000
631.4671073000
632.8776241000
634.2879373000
635.6985875000
637.1089583000
638.5193355000
639.9298216000
641.3404829000
642.7509292000
644.1615979000
645.5719718000
646.9822063000
648.3929583000
649.8033625000
651.2137246000
652.6240253000
654.0345144000
655.4451194000
656.8558674000
658.2663918000
659.6770120000
661.0877919000
662.4984635000
663.9089999000
665.3195370000
666.7300744000
668.1403495000
669.5511329000
670.9613185000
672.3716246000
673.7821749000
675.1929724000
676.6036365000
678.0145818000
679.4250597000
680.8355832000
682.2462513000
683.6571621000
685.0678503000
686.4786016000
687.8894132000
689.3004443000
690.7116292000
692.1228507000
693.5333307000
694.9444865000
696.3554320000
697.7665482000
699.1777138000
700.5885855000
702.0002005000
703.4104640000
704.8216956000
706.2329595000
707.6436940000
709.0549836000
710.4665275000
711.8777098000
713.2889347000
714.7002980000
716.1114796000
717.5227302000
718.9337930000
720.3453964000
721.7567666000
723.1681377000
724.5793303000
725.9907765000
727.4024240000
728.8141927000
730.2255158000
731.6371699000
733.0488369000
734.4604835000
735.8722588000
737.2841607000
738.6958733000
740.1077306000
741.5202353000
742.9321184000
744.3441034000
745.7559202000
747.1682293000
748.5799766000
749.9922339000
751.4042262000
752.8167320000
754.2286255000
755.6410269000
757.0534311000
758.4658209000
759.8781927000
761.2905484000
762.7027626000
764.1150319000
765.5275426000
766.9399270000
768.3525717000
769.7653185000
771.1779074000
772.5904782000
774.0036007000
775.4162728000
776.8290889000
778.2419177000
779.6551785000
781.0678383000
782.4812956000
783.8939889000
785.3071432000
786.7202104000
788.1335843000
789.5468453000
790.9600545000
792.3737663000
793.7870769000
795.2004372000
796.6139950000
798.0271376000
799.4409775000
800.8542264000
802.2677908000
803.6812880000
805.0949521000
806.5085345000
807.9224091000
809.3363818000
810.7506120000
812.1644275000
813.5784686000
814.9923719000
816.4067711000
817.8210087000
819.2352316000
820.6494361000
822.0635417000
823.4777240000
824.8922319000
826.3063727000
827.7206581000
829.1354412000
830.5498318000
831.9642689000
833.3789088000
834.7935407000
836.2084385000
837.6234236000
839.0384491000
840.4531956000
841.8681557000
843.2835273000
844.6987861000
846.1140767000
847.5295298000
848.9449805000
850.3604664000
851.7757906000
853.1913691000
854.6071643000
856.0225653000
857.4382618000
858.8541569000
860.2699378000
861.6859926000
863.1018217000
864.5181313000
865.9338515000
867.3503449000
868.7667985000
870.1833920000
871.5996550000
873.0157494000
874.4323347000
875.8490774000
877.2655958000
878.6824260000
880.0991610000
881.5159244000
882.9329862000
884.3497100000
885.7664949000
887.1838041000
888.6010116000
890.0181425000
891.4355173000
892.8529118000
894.2703464000
895.6878219000
897.1055608000
898.5228070000
899.9405210000
901.3584168000
902.7759738000
904.1938893000
905.6119739000
907.0296842000
908.4479749000
909.8656904000
911.2842227000
912.7026485000
914.1209050000
915.5393945000
916.9577730000
918.3766095000
919.7952475000
921.2142340000
922.6329980000
924.0521221000
925.4709755000
926.8901264000
928.3092442000
929.7283749000
931.1479568000
932.5677627000
933.9870362000
935.4063196000
936.8261004000
938.2457245000
939.6652517000
941.0851780000
942.5049032000
943.9250050000
945.3453783000
946.7657206000
948.1859173000
949.6062347000
951.0265466000
952.4473860000
953.8678854000
955.2889272000
956.7096030000
958.1301158000
959.5509830000
960.9718578000
962.3929169000
963.8141033000
965.2353345000
966.6566447000
968.0778947000
969.4994191000
970.9208426000
972.3424584000
973.7641691000
975.1862355000
976.6081558000
978.0300424000
979.4520871000
980.8743649000
982.2967670000
983.7186678000
985.1410441000
986.5633263000
987.9854880000
989.4083010000
990.8306255000
992.2533307000
993.6760785000
995.0988244000
996.5220591000
997.9451986000
999.3682628000
1000.7918026000
1002.2152648000
1003.6388598000
1005.0627143000
1006.4866124000
1007.9103460000
1009.3341731000
1010.7582387000
1012.1825259000
1013.6063424000
1015.0307414000
1016.4547431000
1017.8792224000
1019.3035422000
1020.7283767000
1022.1526642000
1023.5777051000
1025.0027038000
1026.4276878000
1027.8532034000
1029.2782722000
1030.7036705000
1032.1291843000
1033.5550397000
1034.9803683000
1036.4061986000
1037.8317071000
1039.2576293000
1040.6836069000
1042.1098096000
1043.5361493000
1044.9626201000
1046.3890621000
1047.8156107000
1049.2424900000
1050.6691330000
1052.0963082000
1053.5234782000
1054.9508178000
1056.3778001000
1057.8053173000
1059.2331434000
1060.6606240000
1062.0882998000
1063.5162397000
1064.9439975000
1066.3722708000
1067.8005191000
1069.2286829000
1070.6571644000
1072.0855417000
1073.5140987000
1074.9427987000
1076.3715934000
1077.8002757000
1079.2295624000
1080.6588100000
1082.0882202000
1083.5178732000
1084.9472319000
1086.3769613000
1087.8069236000
1089.2368700000
1090.6672585000
1092.0977563000
1093.5281149000
1094.9587853000
1096.3897488000
1097.8206715000
1099.2514826000
1100.6829701000
1102.1141184000
1103.5454086000
1104.9768419000
1106.4083559000
1107.8401304000
1109.2721689000
1110.7040976000
1112.1362751000
1113.5688730000
1115.0012753000
1116.4336627000
1117.8664724000
1119.2989554000
1120.7317526000
1122.1646818000
1123.5980639000
1125.0312675000
1126.4648680000
1127.8984763000
1129.3324488000
1130.7662598000
1132.2006334000
1133.6345102000
1135.0688799000
1136.5030269000
1137.9375230000
1139.3723016000
1140.8070427000
1142.2421860000
1143.6769507000
1145.1122064000
1146.5473440000
1147.9830744000
1149.4186537000
1150.8544164000
1152.2903722000
1153.7260289000
1155.1619190000
1156.5978917000
1158.0342204000
1159.4705851000
1160.9071357000
1162.3436655000
1163.7802110000
1165.2170479000
1166.6540194000
1168.0909478000
1169.5277647000
1170.9651615000
1172.4021770000
1173.8394260000
1175.2766511000
1176.7144872000
1178.1523185000
1179.5901614000
1181.0280150000
1182.4660323000
1183.9039878000
1185.3419258000
1186.7799930000
1188.2181972000
1189.6566451000
1191.0950232000
1192.5335204000
1193.9719844000
1195.4105400000
1196.8492446000
1198.2881424000
1199.7272145000
1201.1663213000
1202.6052972000
1204.0441764000
1205.4832955000
1206.9222739000
1208.3615032000
1209.8004438000
1211.2396338000
1212.6787918000
1214.1182684000
1215.5577350000
1216.9973967000
1218.4367442000
1219.8762603000
1221.3156066000
1222.7557151000
1224.1953478000
1225.6349866000
1227.0745459000
1228.5146550000
1229.9543214000
1231.3939227000
1232.8339093000
1234.2740328000
1235.7137320000
1237.1537202000
1238.5934557000
1240.0337159000
1241.4733043000
1242.9133628000
1244.3530464000
1245.7930093000
1247.2328569000
1248.6728109000
1250.1129726000
1251.5526196000
1252.9924712000
1254.4323910000
1255.8722627000
1257.3120624000
1258.7516372000
1260.1915831000
1261.6312170000
1263.0708545000
1264.5107192000
1265.9503366000
1267.3898556000
1268.8293507000
1270.2686452000
1271.7081865000
1273.1474469000
1274.5872665000
1276.0264594000
1277.4657306000
1278.9047815000
1280.3438188000
1281.7833387000
1283.2220622000
1284.6613532000
1286.1004088000
1287.5395810000
1288.9782024000
1290.4169164000
1291.8555324000
1293.2940953000
1294.7326731000
1296.1711591000
1297.6097673000
1299.0481225000
1300.4863297000
1301.9244059000
1303.3624236000
1304.8001513000
1306.2381944000
1307.6758547000
1309.1137105000
1310.5510916000
1311.9886998000
1313.4260186000
1314.8635624000
1316.3006243000
1317.7375721000
1319.1745349000
1320.6113186000
1322.0480970000
1323.4849786000
1324.9216258000
1326.3580080000
1327.7942068000
1329.2302332000
1330.6662592000
1332.1021160000
1333.5377776000
1334.9733838000
1336.4090396000
1337.8445064000
1339.2797501000
1340.7147735000
1342.1494435000
1343.5844071000
1345.0189274000
1346.4533535000
1347.8876360000
1349.3221303000
1350.7560839000
1352.1897982000
1353.6233527000
1355.0571075000
1356.4902828000
1357.9234633000
1359.3563277000
1360.7891981000
1362.2217960000
1363.6541965000
1365.0864335000
1366.5185979000
1367.9503218000
1369.3822123000
1370.8140027000
1372.2453530000
1373.6763364000
1375.1074792000
1376.5380616000
1377.9684354000
1379.3987585000
1380.8289185000
1382.2589747000
1383.6885153000
1385.1180519000
1386.5471690000
1387.9764318000
1389.4052532000
1390.8342897000
1392.2624378000
1393.6904483000
1395.1183219000
1396.5461285000
1397.9732418000
1399.4003625000
1400.8273737000
1402.2541589000
1403.6805343000
1405.1070956000
1406.5330874000
1407.9589657000
1409.3841301000
1410.8094017000
1412.2344522000
1413.6593300000
1415.0835953000
1416.5075880000
1417.9316165000
1419.3553178000
1420.7790320000
1422.2020861000
1423.6247165000
1425.0469642000
1426.4693025000
1427.8913550000
1429.3134317000
1430.7348768000
1432.1560603000
1433.5767031000
1434.9972642000
1436.4173754000
1437.8369755000
1439.2567608000
1440.6759118000
1442.0950966000
1443.5135379000
1444.9320077000
1446.3498691000
1447.7675642000
1449.1848659000
1450.6018493000
1452.0185958000
1453.4350008000
1454.8508636000
1456.2660574000
1457.6812837000
1459.0960686000
1460.5107246000
1461.9249902000
1463.3386739000
1464.7523381000
1466.1652508000
1467.5782722000
1468.9904523000
1470.4025127000
1471.8141390000
1473.2249924000
1474.6359170000
1476.0462427000
1477.4561504000
1478.8654667000
1480.2751484000
1481.6837684000
1483.0918975000
1484.4999678000
1485.9075035000
1487.3148767000
1488.7215226000
1490.1279785000
1491.5338674000
1492.9393051000
1494.3442589000
1495.7486968000
1497.1526403000
1498.5563990000
1499.9599423000
1501.3628418000
1502.7653267000
1504.1673054000
1505.5687011000
1506.9696213000
1508.3703831000
1509.7707720000
1511.1702674000
1512.5692944000
1513.9681196000
1515.3666473000
1516.7642572000
1518.1617089000
1519.5584492000
1520.9547612000
1522.3506713000
1523.7458620000
1525.1405781000
1526.5349189000
1527.9283552000
1529.3219253000
1530.7147341000
1532.1068795000
1533.4987681000
1534.8899267000
1536.2807125000
1537.6707912000
1539.0604655000
1540.4495501000
1541.8380663000
1543.2262585000
1544.6138856000
1546.0008742000
1547.3869713000
1548.7727549000
1550.1578627000
1551.5426118000
1552.9267309000
1554.3104331000
1555.6933253000
1557.0755235000
1558.4572924000
1559.8383722000
1561.2191109000
1562.5989707000
1563.9784319000
1565.3572266000
1566.7352362000
1568.1125825000
1569.4895629000
1570.8657966000
1572.2417188000
1573.6166605000
1574.9910468000
1576.3648215000
1577.7380295000
1579.1104887000
1580.4823395000
1581.8535919000
1583.2240732000
1584.5941429000
1585.9634558000
1587.3319235000
1588.6997649000
1590.0672354000
1591.4338616000
1592.7997624000
1594.1646988000
1595.5291515000
1596.8929893000
1598.2561506000
1599.6186446000
1600.9805248000
1602.3414531000
1603.7019097000
1605.0614773000
1606.4204459000
1607.7785838000
1609.1359523000
1610.4928043000
1611.8486537000
1613.2039239000
1614.5582546000
1615.9120036000
1617.2653996000
1618.6175765000
1619.9688641000
1621.3199215000
1622.6699432000
1624.0191403000
1625.3678303000
1626.7154034000
1628.0622178000
1629.4084406000
1630.7538712000
1632.0984063000
1633.4424440000
1634.7855634000
1636.1275729000
1637.4688592000
1638.8093531000
1640.1491039000
1641.4876893000
1642.8258537000
1644.1630012000
1645.4993096000
1646.8349162000
1648.1694763000
1649.5033742000
1650.8364872000
1652.1685023000
1653.4997643000
1654.8302444000
1656.1596575000
1657.4882723000
1658.8161449000
1660.1429496000
1661.4689161000
1662.7938695000
1664.1180120000
1665.4413174000
1666.7637743000
1668.0851747000
1669.4058118000
1670.7253014000
1672.0441862000
1673.3617695000
1674.6786171000
1675.9942799000
1677.3093001000
1678.6229959000
1679.9361068000
1681.2482533000
1682.5590379000
1683.8690924000
1685.1782502000
1686.4865127000
1687.7938165000
1689.1001865000
1690.4054301000
1691.7097521000
1693.0130275000
1694.3151417000
1695.6163419000
1696.9164160000
1698.2155874000
1699.5136140000
1700.8106118000
1702.1066339000
1703.4017187000
1704.6958196000
1705.9888277000
1707.2806445000
1708.5715280000
1709.8611531000
1711.1496895000
1712.4372718000
1713.7236639000
1715.0090906000
1716.2933426000
1717.5765546000
1718.8588082000
1720.1398923000
1721.4194858000
1722.6982088000
1723.9756836000
1725.2521942000
1726.5273599000
1727.8016393000
1729.0746397000
1730.3465273000
1731.6174017000
1732.8870066000
1734.1555487000
1735.4227517000
1736.6889393000
1737.9537282000
1739.2171459000
1740.4796200000
1741.7408428000
1743.0010999000
1744.2597976000
1745.5175653000
1746.7740326000
1748.0293463000
1749.2833392000
1750.5361601000
1751.7878284000
1753.0382033000
1754.2872435000
1755.5349843000
1756.7815561000
1758.0268363000
1759.2708606000
1760.5135201000
1761.7549666000
1762.9951241000
1764.2339493000
1765.4715962000
1766.7078413000
1767.9428407000
1769.1765306000
1770.4089215000
1771.6398077000
1772.8692790000
1774.0976109000
1775.3245539000
1776.5503425000
1777.7746921000
1778.9976510000
1780.2191315000
1781.4391999000
1782.6580675000
1783.8751848000
1785.0912848000
1786.3054961000
1787.5185595000
1788.7303237000
1789.9406767000
1791.1494121000
1792.3566308000
1793.5624989000
1794.7670516000
1795.9700661000
1797.1717281000
1798.3717923000
1799.5702360000
1800.7674261000
1801.9629564000
1803.1572622000
1804.3498265000
1805.5410422000
1806.7306718000
1807.9190004000
1809.1054203000
1810.2906958000
1811.4739911000
1812.6560158000
1813.8364827000
1815.0154131000
1816.1926774000
1817.3683143000
1818.5426943000
1819.7152545000
1820.8863356000
1822.0559526000
1823.2239308000
1824.3901767000
1825.5547053000
1826.7178138000
1827.8792292000
1829.0390035000
1830.1970626000
1831.3535794000
1832.5081940000
1833.6612063000
1834.8126021000
1835.9626897000
1837.1107287000
1838.2573329000
1839.4020586000
1840.5452528000
1841.6868159000
1842.8264111000
1843.9643653000
1845.1006541000
1846.2349433000
1847.3675756000
1848.4985566000
1849.6276705000
1850.7549832000
1851.8805921000
1853.0047161000
1854.1266352000
1855.2470404000
1856.3654895000
1857.4820743000
1858.5968762000
1859.7098526000
1860.8211185000
1861.9304041000
1863.0379935000
1864.1434699000
1865.2475452000
1866.3494386000
1867.4493449000
1868.5474271000
1869.6438598000
1870.7383192000
1871.8309771000
1872.9213952000
1874.0099226000
1875.0966620000
1876.1813871000
1877.2641641000
1878.3450717000
1879.4238510000
1880.5008130000
1881.5758501000
1882.6486553000
1883.7197124000
1884.7887039000
1885.8555304000
1886.9205591000
1887.9832560000
1889.0439811000
1890.1028838000
1891.1596798000
1892.2143008000
1893.2668344000
1894.3176131000
1895.3660719000
1896.4124558000
1897.4569105000
1898.4991056000
1899.5395326000
1900.5774439000
1901.6133374000
1902.6472099000
1903.6786660000
1904.7081994000
1905.7354188000
1906.7606146000
1907.7836032000
1908.8042483000
1909.8227835000
1910.8391768000
1911.8532801000
1912.8651268000
1913.8748819000
1914.8821259000
1915.8872457000
1916.8901018000
1917.8908162000
1918.8893946000
1919.8855628000
1920.8795945000
1921.8711037000
1922.8602871000
1923.8471240000
1924.8317087000
1925.8139679000
1926.7936897000
1927.7711826000
1928.7464671000
1929.7191287000
1930.6895207000
1931.6574021000
1932.6229763000
1933.5862154000
1934.5471352000
1935.5053993000
1936.4613498000
1937.4147637000
1938.3657659000
1939.3142219000
1940.2603195000
1941.2038658000
1942.1449492000
1943.0836585000
1944.0195826000
1944.9529646000
1945.8840291000
1946.8125241000
1947.7382548000
1948.6615676000
1949.5824593000
1950.5004941000
1951.4161096000
1952.3291220000
1953.2393938000
1954.1473335000
1955.0523894000
1955.9549013000
1956.8545954000
1957.7518038000
1958.6462802000
1959.5381527000
1960.4271172000
1961.3136764000
1962.1974682000
1963.0784553000
1963.9568216000
1964.8325536000
1965.7053174000
1966.5752799000
1967.4424747000
1968.3071216000
1969.1689081000
1970.0279091000
1970.8840417000
1971.7374413000
1972.5878394000
1973.4355747000
1974.2804487000
1975.1225184000
1975.9614761000
1976.7977972000
1977.6310240000
1978.4614527000
1979.2887572000
1980.1132870000
1980.9349587000
1981.7535651000
1982.5692259000
1983.3819700000
1984.1917589000
1984.9986353000
1985.8021792000
1986.6029088000
1987.4007911000
1988.1954633000
1988.9869462000
1989.7756476000
1990.5610792000
1991.3434594000
1992.1230111000
1992.8993407000
1993.6724829000
1994.4422824000
1995.2092405000
1995.9729640000
1996.7335983000
1997.4910048000
1998.2452707000
1998.9962791000
1999.7440897000
2000.4886571000
2001.2299363000
2001.9680431000
2002.7030776000
2003.4347122000
2004.1631593000
2004.8883094000
2005.6100519000
2006.3285649000
2007.0436940000
2007.7554433000
2008.4640128000
2009.1689851000
2009.8708390000
2010.5692490000
2011.2643056000
2011.9558271000
2012.6440960000
2013.3289273000
2014.0103179000
2014.6882556000
2015.3625665000
2016.0336078000
2016.7009753000
2017.3649291000
2018.0254351000
2018.6823466000
2019.3357706000
2019.9855778000
2020.6317927000
2021.2744804000
2021.9134604000
2022.5489187000
2023.1808839000
2023.8089003000
2024.4334279000
2025.0543744000
2025.6713717000
2026.2848903000
2026.8946581000
2027.5007753000
2028.1031198000
2028.7018532000
2029.2968926000
2029.8879800000
2030.4752835000
2031.0587914000
2031.6385804000
2032.2145017000
2032.7867214000
2033.3551230000
2033.9195001000
2034.4801024000
2035.0366461000
2035.5895617000
2036.1382572000
2036.6832659000
2037.2242874000
2037.7613557000
2038.2944302000
2038.8234707000
2039.3485176000
2039.8694555000
2040.3864004000
2040.8992577000
2041.4081414000
2041.9128694000
2042.4136492000
2042.9103306000
2043.4028314000
2043.8911700000
2044.3753715000
2044.8555533000
2045.3314214000
2045.8030565000
2046.2705739000
2046.7337256000
2047.1927972000
2047.6475160000
2048.0979939000
2048.5442719000
2048.9861698000
2049.4236025000
2049.8567221000
2050.2854280000
2050.7099313000
2051.1300346000
2051.5457185000
2051.9569952000
2052.3636860000
2052.7659751000
2053.1639488000
2053.5572892000
2053.9462824000
2054.3306461000
2054.7105883000
2055.0859665000
2055.4567405000
2055.8229003000
2056.1843587000
2056.5412425000
2056.8934354000
2057.2409210000
2057.5838726000
2057.9219508000
2058.2555245000
2058.5841632000
2058.9080597000
2059.2273099000
2059.5418283000
2059.8514008000
2060.1560772000
2060.4560334000
2060.7512626000
2061.0414316000
2061.3267302000
2061.6071991000
2061.8826273000
2062.1530907000
2062.4185016000
2062.6789668000
2062.9344214000
2063.1849214000
2063.4303832000
2063.6706491000
2063.9057710000
2064.1357489000
2064.3606414000
2064.5803591000
2064.7949272000
2065.0042395000
2065.2083686000
2065.4071192000
2065.6006875000
2065.7890493000
2065.9719904000
2066.1495170000
2066.3217262000
2066.4886147000
2066.6499020000
2066.8057927000
2066.9562654000
2067.1012744000
2067.2407296000
2067.3746980000
2067.5031981000
2067.6259664000
2067.7431417000
2067.8546653000
2067.9606857000
2068.0610517000
2068.1553757000
2068.2441033000
2068.3271758000
2068.4043779000
2068.4756818000
2068.5411594000
2068.6008113000
2068.6545405000
2068.7025114000
2068.7444744000
2068.7802825000
2068.8101274000
2068.8339828000
2068.8517342000
2068.8636413000
2068.8692115000
2068.8685683000
2068.8618007000
2068.8487640000
2068.8295826000
2068.8039555000
2068.7720980000
2068.7339285000
2068.6893347000
2068.6382280000
2068.5807764000
2068.5168970000
2068.4464107000
2068.3692586000
2068.2855893000
2068.1954841000
2068.0986895000
2067.9951010000
2067.8848602000
2067.7679637000
2067.6439775000
2067.5133661000
2067.3758811000
2067.2314603000
2067.0800190000
2066.9215198000
2066.7560891000
2066.5834472000
2066.4039787000
2066.2172794000
2066.0232724000
2065.8221121000
2065.6136096000
2065.3979261000
2065.1746156000
2064.9439935000
2064.7058755000
2064.4603353000
2064.2072609000
2063.9464724000
2063.6781441000
2063.4022375000
2063.1184598000
2062.8269071000
2062.5272929000
2062.2198366000
2061.9045306000
2061.5812202000
2061.2499491000
2060.9104264000
2060.5628849000
2060.2071164000
2059.8430124000
2059.4705016000
2059.0896237000
2058.7002745000
2058.3023767000
2057.8958248000
2057.4806648000
2057.0568358000
2056.6243741000
2056.1829279000
2055.7326330000
2055.2731840000
2054.8048306000
2054.3274148000
2053.8407818000
2053.3447437000
2052.8392142000
2052.3245508000
2051.8003215000
2051.2666021000
2050.7231161000
2050.1697734000
2049.6067691000
2049.0339462000
2048.4511544000
2047.8582096000
2047.2548716000
2046.6415505000
2046.0176702000
2045.3835470000
2044.7387542000
2044.0832875000
2043.4170689000
2042.7401067000
2042.0520449000
2041.3529136000
2040.6428800000
2039.9214492000
2039.1883936000
2038.4440258000
2037.6881207000
2036.9202702000
2036.1403863000
2035.3489718000
2034.5450668000
2033.7289610000
2032.9002655000
2032.0591440000
2031.2053346000
2030.3389156000
2029.4591472000
2028.5663521000
2027.6599510000
2026.7402284000
2025.8069059000
2024.8594088000
2023.8982231000
2022.9225628000
2021.9327224000
2020.9282014000
2019.9090989000
2018.8750077000
2017.8253279000
2016.7603980000
2015.6799406000
2014.5836597000
2013.4706510000
2012.3415575000
2011.1960036000
2010.0336410000
2008.8540063000
2007.6568791000
2006.4420005000
2005.2090051000
2003.9574413000
2002.6875033000
2001.3986520000
2000.0902691000
1998.7623259000
1997.4141430000
1996.0454492000
1994.6555655000
1993.2443076000
1991.8116997000
1990.3566885000
1988.8783662000
1987.3770389000
1985.8519766000
1984.3025065000
1982.7281166000
1981.1280513000
1979.5016223000
1977.8482970000
1976.1679518000
1974.4586968000
1972.7198482000
1970.9509816000
1969.1513595000
1967.3197821000
1965.4550734000
1963.5565908000
1961.6225630000
1959.6512280000
1957.6427158000
1955.5947313000
1953.5052494000
1951.3733485000
1949.1970619000
1946.9734944000
1944.7015385000
1942.3772937000
1939.9992817000
1937.5638249000
1935.0672601000
1932.5064744000
1929.8765589000
1927.1723617000
1924.3882275000
1921.5170139000
1918.5499640000
1915.4776398000
1912.2873528000
1908.9630107000
1905.4844613000
1901.8239608000
1897.9404672000
1893.7683132000
1889.1904147000
1883.9197439000
