2.3025850000
10.0493434000
10.7432641000
12.8226141000
17.0838357000
14.6141759000
18.5498113000
20.5508186000
23.7110269000
22.6574039000
25.6977180000
27.5892296000
30.0670372000
29.9557622000
32.4648981000
34.2369653000
36.2565825000
36.8202468000
38.9731548000
40.6322424000
42.3591646000
43.3860571000
45.2867487000
46.8595056000
48.4319453000
49.7349983000
51.4599181000
52.9763156000
54.4857228000
55.9217401000
57.5289879000
59.0156561000
60.5078566000
61.9885614000
63.5237291000
64.9994324000
66.4827352000
67.9666472000
69.4609662000
70.9297445000
72.4043902000
73.8781217000
75.3509004000
76.8134498000
78.2780709000
79.7398217000
81.1991951000
82.6538731000
84.1083745000
85.5597064000
87.0085599000
88.4550483000
89.9008945000
91.3431379000
92.7844006000
94.2232169000
95.6606686000
97.0961172000
98.5304458000
99.9617812000
101.3923380000
102.8212791000
104.2489828000
105.6746105000
107.0989804000
108.5230254000
109.9450060000
111.3652890000
112.7851042000
114.2037164000
115.6207824000
117.0366222000
118.4510301000
119.8655709000
121.2791965000
122.6907880000
124.1024973000
125.5124959000
126.9221804000
128.3307889000
129.7390527000
131.1458263000
132.5523199000
133.9581528000
135.3632309000
136.7675186000
138.1715298000
139.5745669000
140.9771010000
142.3792237000
143.7804733000
145.1818142000
146.5819187000
147.9818059000
149.3811009000
150.7805370000
152.1794528000
153.5774936000
154.9751835000
156.3728797000
157.7702401000
159.1669453000
160.5640660000
161.9608773000
163.3572102000
164.7532474000
166.1492373000
167.5451777000
168.9402824000
170.3355082000
171.7307097000
173.1261522000
174.5204090000
175.9151576000
177.3098255000
178.7039445000
180.0987257000
181.4931839000
182.8869952000
184.2815405000
185.6753251000
187.0695455000
188.4636516000
189.8577889000
191.2516851000
192.6456634000
194.0396995000
195.4345460000
196.8285593000
198.2228522000
199.6170052000
201.0112139000
202.4060173000
203.8001729000
205.1946655000
206.5898341000
207.9844141000
209.3793611000
210.7744435000
212.1694761000
213.5647899000
214.9600014000
216.3556472000
217.7514686000
219.1477588000
220.5438393000
221.9404418000
223.3371430000
224.7338617000
226.1305223000
227.5278373000
228.9252443000
230.3228873000
231.7207668000
233.1186439000
234.5173671000
235.9159999000
237.3152791000
238.7142819000
240.1138746000
241.5135140000
242.9137588000
244.3146406000
245.7153022000
247.1166737000
248.5182810000
249.9205466000
251.3229455000
252.7252740000
254.1284865000
255.5318047000
256.9355673000
258.3400112000
259.7450381000
261.1503985000
262.5562199000
263.9621848000
265.3685978000
266.7757956000
268.1834158000
269.5911427000
270.9996333000
272.4090378000
273.8185004000
275.2281821000
276.6386933000
278.0496609000
279.4611070000
280.8732897000
282.2859490000
283.6990192000
285.1125739000
286.5268386000
287.9416464000
289.3571656000
290.7734106000
292.1903136000
293.6075665000
295.0259368000
296.4440403000
297.8635340000
299.2831834000
300.7039501000
302.1252572000
303.5473398000
304.9699145000
306.3936251000
307.8178338000
309.2425548000
310.6681059000
312.0942860000
313.5216417000
314.9496155000
316.3781498000
317.8076782000
319.2376099000
320.6687016000
322.1005838000
323.5329479000
324.9658187000
326.3995948000
327.8342023000
329.2692494000
330.7053027000
332.1421117000
333.5793468000
335.0175986000
336.4564933000
337.8957200000
339.3359487000
340.7766293000
342.2180183000
343.6598025000
345.1020856000
346.5448730000
347.9881965000
349.4317683000
350.8758486000
352.3200926000
353.7645403000
355.2094394000
356.6544643000
358.0998045000
359.5452414000
360.9912368000
362.4365839000
363.8824497000
365.3282161000
366.7740433000
368.2197029000
369.6652106000
371.1104082000
372.5556000000
374.0003377000
375.4451838000
376.8895588000
378.3334332000
379.7769104000
381.2199765000
382.6625497000
384.1044953000
385.5458648000
386.9869051000
388.4267572000
389.8662942000
391.3053251000
392.7431348000
394.1802468000
395.6165654000
397.0520051000
398.4864114000
399.9199485000
401.3526358000
402.7841631000
404.2148215000
405.6443341000
407.0725733000
408.4997438000
409.9258428000
411.3503084000
412.7737818000
414.1960266000
415.6166452000
417.0358215000
418.4537421000
419.8702191000
421.2853559000
422.6985337000
424.1102521000
425.5200552000
426.9284548000
428.3351703000
429.7399336000
431.1429952000
432.5442548000
433.9433980000
435.3409143000
436.7363098000
438.1296386000
439.5209349000
440.9102227000
442.2974099000
443.6822020000
445.0648051000
446.4452187000
447.8231920000
449.1989772000
450.5723713000
451.9432734000
453.3116161000
454.6775324000
456.0408500000
457.4016556000
458.7594956000
460.1145701000
461.4671115000
462.8167727000
464.1634821000
465.5072375000
466.8481308000
468.1857277000
469.5201790000
470.8515314000
472.1797575000
473.5045599000
474.8261151000
476.1442794000
477.4592046000
478.7702112000
480.0779429000
481.3819064000
482.6820360000
483.9785849000
485.2713207000
486.5599418000
487.8449117000
489.1255707000
490.4024534000
491.6752080000
492.9437150000
494.2082031000
495.4680431000
496.7238500000
497.9751023000
499.2217878000
500.4636622000
501.7010503000
502.9334932000
504.1613786000
505.3839351000
506.6020690000
507.8148844000
509.0227987000
510.2253131000
511.4227775000
512.6147523000
513.8013510000
514.9824824000
516.1580082000
517.3280154000
518.4921696000
519.6506988000
520.8031976000
521.9498578000
523.0902721000
524.2244512000
525.3524878000
526.4741991000
527.5895157000
528.6981537000
529.8003521000
530.8956794000
531.9841987000
533.0658985000
534.1403849000
535.2077871000
536.2681046000
537.3211506000
538.3666461000
539.4048449000
540.4352341000
541.4583846000
542.4731917000
543.4804280000
544.4794678000
545.4704439000
546.4531091000
547.4275088000
548.3932886000
549.3506139000
550.2992508000
551.2390067000
552.1698712000
553.0917628000
554.0042099000
554.9075081000
555.8014962000
556.6858757000
557.5605955000
558.4256023000
559.2805962000
560.1254299000
560.9603455000
561.7846219000
562.5985131000
563.4018685000
564.1944741000
564.9762510000
565.7470833000
566.5068825000
567.2552331000
567.9922313000
568.7178498000
569.4316250000
570.1336087000
570.8235457000
571.5012689000
572.1667690000
572.8197970000
573.4602130000
574.0878705000
574.7026631000
575.3044026000
575.8926464000
576.4676393000
577.0290670000
577.5767037000
578.1102680000
578.6297694000
579.1349213000
579.6256712000
580.1016909000
580.5628665000
581.0089952000
581.4398148000
581.8551557000
582.2549732000
582.6389212000
583.0066724000
583.3584933000
583.6936715000
584.0121184000
584.3135502000
584.5978095000
584.8646944000
585.1137702000
585.3449873000
585.5579584000
585.7526473000
585.9284427000
586.0852956000
586.2227860000
586.3407027000
586.4385949000
586.5164300000
586.5735597000
586.6098232000
586.6249731000
586.6184691000
586.5899952000
586.5389072000
586.4651692000
586.3683017000
586.2477061000
586.1031467000
585.9337706000
585.7395323000
585.5196738000
585.2735589000
585.0005271000
584.7003146000
584.3722359000
584.0153130000
583.6291020000
583.2125988000
582.7652360000
582.2861647000
581.7745566000
581.2294401000
580.6497904000
580.0343793000
579.3821390000
578.6917994000
577.9621307000
577.1916709000
576.3788996000
575.5218066000
574.6191594000
573.6685160000
572.6672938000
571.6135375000
570.5043583000
569.3369233000
568.1073677000
566.8121582000
565.4469170000
564.0063070000
562.4848762000
560.8753087000
559.1699375000
557.3581361000
555.4278226000
553.3629097000
551.1434244000
548.7414373000
546.1150329000
543.2012755000
539.8806991000
535.8662787000
