2.9957323611
12.8736750884
13.6111988156
16.5238696338
21.9661426338
18.3606201793
23.3701133611
26.2513987247
30.5994125429
28.4108426338
32.5389678156
35.2863243611
38.9804034520
37.6332069975
41.2961120884
43.9907082702
47.1257162702
46.5139129975
49.7647477247
52.3346583611
55.0671629975
55.0932608156
58.0559862702
60.4423480884
62.8792716338
63.4442167247
66.1297345429
68.4012917247
70.6282218156
71.5408477247
74.0595719975
76.2523143611
78.2643855429
79.5361064520
81.8593393611
83.9720249975
85.8618346338
87.3502278156
89.5909093611
91.6001241793
93.4119017247
95.0758968156
97.1998920884
99.1229729066
100.9267121793
102.6903112702
104.7460919975
106.6133739066
108.4286706338
110.2265058156
112.2148222702
114.0513303611
115.8686200884
117.6731897247
119.5919784520
121.4241547247
123.2476722702
125.0777580884
126.9294687247
128.7534617247
130.5746526338
132.3987339066
134.2305497247
136.0537639066
137.8766279975
139.6919696338
141.5165769066
143.3149669975
145.1136031793
146.9556927247
148.7361850884
150.5384837247
152.3266433611
154.1389088156
155.9346085429
157.7246540884
159.5199522702
161.3144935429
163.0962218156
164.8715999066
166.6670346338
168.4455763611
170.2226432702
171.9900121793
173.7825080884
175.5315013611
177.3324120884
179.0741176338
180.8576793611
182.6307964520
184.3794311793
186.1429091793
187.9103399975
189.6747304520
191.4022850884
193.1785522702
194.9513512702
196.6797533611
198.4360181793
200.1606417247
201.9352083611
203.6859922702
205.4361022702
207.1819583611
208.9134772702
210.6576672702
212.3970195429
214.1521178156
215.8810082702
217.6142718156
219.3336877247
221.0682095429
222.8105863611
224.5471807247
226.2850618156
228.0017400884
229.7194306338
231.4642371793
233.1897107247
234.9052066338
236.6558582702
238.3707671793
240.0861404520
241.8115501793
243.5293669975
245.2288442702
246.9719089975
248.6897793611
250.3956939975
252.1030896338
253.8402862702
255.5422506338
257.2633584520
258.9797072702
260.6919887247
262.3895432702
264.0997021793
265.8065103611
267.5012907247
269.2054262702
270.9210033611
272.6300029066
274.3197204520
276.0183139066
277.7167379066
279.4280210884
281.1400890884
282.8273188156
284.5308538156
286.2269583611
287.9357054520
289.6234162702
291.3275138156
293.0191415429
294.7163338156
296.4128881793
298.1120262702
299.7844770884
301.4734580884
303.1759305429
304.8700304520
306.5556512702
308.2499988156
309.9413036338
311.6138179066
313.3140022702
315.0024298156
316.6929785429
318.3794353611
320.0652765429
321.7487149975
323.4370169975
325.1074147247
326.7865251793
328.4861152702
330.1625544520
331.8411275429
333.5199581793
335.2040631793
336.8912700884
338.5714295429
340.2446509066
341.9334706338
343.6074009066
345.2742379066
346.9522278156
348.6385352702
350.3095133611
351.9909598156
353.6656941793
355.3309479066
357.0199836338
358.6977421793
360.3720806338
362.0392197247
363.7169538156
365.3866364520
367.0642252702
368.7248199975
370.3972387247
372.0673491793
373.7464581793
375.4062950884
377.0865959975
378.7412909975
380.4157339975
382.0916528156
383.7599152702
385.4209857247
387.0946707247
388.7575087247
390.4257557247
392.1021309975
393.7632907247
395.4213809066
397.0892020884
398.7537979975
400.4230882702
402.0873165429
403.7564061793
405.4309986338
407.1029240884
408.7714419066
410.4358037247
412.1136359975
413.7803059066
415.4482708156
417.1096830884
418.7796123611
420.4383278156
422.0999190884
423.7564930884
425.4308568156
427.0964574520
428.7516235429
430.4229698156
432.0829652702
433.7491327247
435.4077943611
437.0640079066
438.7265872702
440.4009701793
442.0585972702
443.7202167247
445.3741716338
447.0423021793
448.7048467247
450.3629774520
452.0342680884
453.6980801793
455.3639665429
457.0240070884
458.6924564520
460.3508671793
462.0079502702
463.6823534520
465.3525068156
467.0075784520
468.6621657247
470.3397544520
471.9832890884
473.6463049066
475.3179419975
476.9761117247
478.6362539066
480.2966727247
481.9664959975
483.6301032702
485.2866691793
486.9422182702
488.6042427247
490.2637494520
491.9260519066
493.5902136338
495.2524432702
496.9131897247
498.5743160884
500.2451113611
501.8969714520
503.5596226338
505.2267306338
506.8885918156
508.5517176338
510.2154682702
511.8769476338
513.5481391793
515.2154405429
516.8707878156
518.5288346338
520.1916612702
521.8589121793
523.5279184520
525.1899426338
526.8547463611
528.5173530884
530.1751979975
531.8393549066
533.5054197247
535.1579766338
536.8277149975
538.4901107247
540.1514789975
541.8231538156
543.4838939066
545.1414610884
546.8074643611
548.4595322702
550.1365853611
551.7954216338
553.4555389066
555.1222551793
556.7866832702
558.4535326338
560.1133853611
561.7793500884
563.4468109975
565.1064261793
566.7811163611
568.4428149975
570.1019717247
571.7714773611
573.4342466338
575.0944960884
576.7629738156
578.4248167247
580.0882913611
581.7476331793
583.4185728156
585.0791888156
586.7416735429
588.4098343611
590.0752644520
591.7392696338
593.4036012702
595.0765367247
596.7432319066
598.4096404520
600.0683155429
601.7394096338
603.4054292702
605.0703629975
606.7368005429
608.3956580884
610.0675078156
611.7353145429
613.3995780884
615.0700896338
616.7428534520
618.4112897247
620.0778938156
621.7428229066
623.4142482702
625.0813927247
626.7477235429
628.4208305429
630.0868764520
631.7596501793
633.4255216338
635.0960897247
636.7632712702
638.4344483611
640.1141851793
641.7845408156
643.4536224520
645.1245606338
646.7971205429
648.4683575429
650.1414947247
651.8131984520
653.4803930884
655.1487228156
656.8112477247
658.4821658156
660.1588693611
661.8265361793
663.5041259066
665.1697087247
666.8544136338
668.5224027247
670.1959410884
671.8637152702
673.5385916338
675.2022419066
676.8674854520
678.5492578156
680.2259942702
681.8952472702
683.5675191793
685.2386038156
686.9068922702
688.5794794520
690.2464949975
691.9154077247
693.5865984520
695.2525342702
696.9229569066
698.5892856338
700.2596645429
701.9285771793
703.6008314520
705.2688060884
706.9452969066
708.6146158156
710.2819125429
711.9553006338
713.6390177247
715.3088609066
716.9876019066
718.6560652702
720.3302051793
721.9994719975
723.6732634520
725.3440765429
727.0089264520
728.6873723611
730.3575090884
732.0275745429
733.7068827247
735.3755670884
737.0461124520
738.7171207247
740.3924805429
742.0721273611
743.7495056338
745.4275631793
747.1032028156
748.7710358156
750.4507267247
752.1170979066
753.7892903611
755.4598142702
757.1322253611
758.8008109066
760.4753655429
762.1441677247
763.8181633611
765.5020979975
767.1824100884
768.8594426338
770.5314412702
772.2091670884
773.8811197247
775.5601640884
777.2344178156
778.9120499066
780.5841888156
782.2585992702
783.9409373611
785.6165973611
787.2861474520
788.9643158156
790.6407110884
792.3102701793
793.9900984520
795.6633482702
797.3466480884
799.0269897247
800.6938724520
802.3747331793
804.0528983611
805.7287305429
807.4060074520
809.0908667247
810.7595449975
812.4451210884
814.1221532702
815.7965870884
817.4744595429
819.1479580884
820.8256799975
822.4965717247
824.1754840884
825.8420818156
827.5199205429
829.1987891793
830.8729791793
832.5545206338
834.2325845429
835.9039368156
837.5809918156
839.2610805429
840.9411137247
842.6201629975
844.2957826338
845.9754319066
847.6498684520
849.3280298156
851.0049761793
852.6860040884
854.3651824520
856.0456607247
857.7284137247
859.4123371793
861.0861418156
862.7626315429
864.4429126338
866.1190219066
867.7953279066
869.4734178156
871.1489409066
872.8269391793
874.5037809066
876.1816746338
877.8691566338
879.5406125429
881.2218881793
882.8979139975
884.5738839975
886.2515603611
887.9264251793
889.6058817247
891.2848760884
892.9648489975
894.6474458156
896.3209303611
898.0009809066
899.6790129975
901.3619602702
903.0466023611
904.7278605429
906.4085839066
908.0904942702
909.7741595429
911.4502020884
913.1379817247
914.8185698156
916.5025489975
918.1826723611
919.8554431793
921.5404892702
923.2243286338
924.9083994520
926.5875813611
928.2619846338
929.9425684520
931.6208207247
933.3042465429
934.9826852702
936.6614868156
938.3430985429
940.0175981793
941.7005689066
943.3860225429
945.0698350884
946.7545655429
948.4311448156
950.1186809066
951.8093649975
953.4930041793
955.1747889066
956.8540195429
958.5387439975
960.2190130884
961.9016717247
963.5900341793
965.2762811793
966.9580959066
968.6440530884
970.3189974520
972.0048165429
973.6876075429
975.3748398156
977.0573283611
978.7372482702
980.4279590884
982.1069880884
983.7906785429
985.4756981793
987.1545409975
988.8425019066
990.5331360884
992.2169068156
993.8978109066
995.5833979975
997.2612239975
998.9425414520
1000.6331821793
1002.3114378156
1003.9966280884
1005.6767828156
1007.3591176338
1009.0464158156
1010.7324577247
1012.4192493611
1014.1073139975
1015.7907749066
1017.4795737247
1019.1555129975
1020.8452753611
1022.5309024520
1024.2136369066
1025.8962801793
1027.5810669975
1029.2695144520
1030.9573980884
1032.6435700884
1034.3272031793
1036.0140762702
1037.7031561793
1039.3852499975
1041.0721657247
1042.7567614520
1044.4402889975
1046.1292002702
1047.8098230884
1049.4957599066
1051.1788626338
1052.8696332702
1054.5499698156
1056.2352929066
1057.9227439975
1059.6034565429
1061.2842065429
1062.9755625429
1064.6632324520
1066.3471653611
1068.0370089975
1069.7294959975
1071.4193643611
1073.1047794520
1074.7878305429
1076.4830585429
1078.1714445429
1079.8643960884
1081.5504581793
1083.2457621793
1084.9292466338
1086.6181880884
1088.3115711793
1089.9959054520
1091.6837776338
1093.3737934520
1095.0628179975
1096.7585057247
1098.4499737247
1100.1452282702
1101.8373679975
1103.5292424520
1105.2185518156
1106.9095927247
1108.5996340884
1110.2964711793
1111.9842894520
1113.6747230884
1115.3705173611
1117.0619414520
1118.7558140884
1120.4523235429
1122.1429009975
1123.8308939066
1125.5311248156
1127.2271047247
1128.9201512702
1130.6115160884
1132.3044979066
1133.9960411793
1135.6808807247
1137.3718524520
1139.0558385429
1140.7510576338
1142.4447711793
1144.1441725429
1145.8390283611
1147.5310465429
1149.2292537247
1150.9181745429
1152.6108239066
1154.3050438156
1155.9985139975
1157.6884069975
1159.3839975429
1161.0773709975
1162.7798346338
1164.4714713611
1166.1667642702
1167.8653357247
1169.5601059975
1171.2591778156
1172.9599651793
1174.6595756338
1176.3578705429
1178.0458550884
1179.7407510884
1181.4389901793
1183.1339443611
1184.8227528156
1186.5135067247
1188.2114630884
1189.9107661793
1191.6035899066
1193.2978092702
1194.9951727247
1196.6914576338
1198.3881419975
1200.0855964520
1201.7851399066
1203.4832346338
1205.1772317247
1206.8761572702
1208.5767833611
1210.2700981793
1211.9710607247
1213.6637584520
1215.3618632702
1217.0558615429
1218.7496983611
1220.4392059066
1222.1376360884
1223.8351025429
1225.5318986338
1227.2306057247
1228.9255573611
1230.6251319066
1232.3209016338
1234.0229208156
1235.7235357247
1237.4174850884
1239.1138079975
1240.8180102702
1242.5138963611
1244.2119499066
1245.9048421793
1247.5983561793
1249.2901516338
1250.9894951793
1252.6858538156
1254.3842360884
1256.0767340884
1257.7769346338
1259.4746834520
1261.1708965429
1262.8707367247
1264.5663788156
1266.2610945429
1267.9722118156
1269.6683509066
1271.3733677247
1273.0710747247
1274.7708337247
1276.4679408156
1278.1641580884
1279.8635138156
1281.5590522702
1283.2571829975
1284.9550264520
1286.6525342702
1288.3533640884
1290.0566830884
1291.7490618156
1293.4476750884
1295.1403681793
1296.8386103611
1298.5382570884
1300.2378568156
1301.9362869975
1303.6326761793
1305.3301888156
1307.0238427247
1308.7229270884
1310.4226726338
1312.1206210884
1313.8248361793
1315.5226812702
1317.2192516338
1318.9210656338
1320.6199519066
1322.3235909066
1324.0232333611
1325.7225399975
1327.4217066338
1329.1235679975
1330.8211773611
1332.5205642702
1334.2273998156
1335.9304690884
1337.6315396338
1339.3278644520
1341.0331589066
1342.7328456338
1344.4317029975
1346.1298746338
1347.8284679066
1349.5318693611
1351.2343320884
1352.9365521793
1354.6308762702
1356.3312185429
1358.0252024520
1359.7283646338
1361.4302756338
1363.1261519066
1364.8288499066
1366.5244618156
1368.2250922702
1369.9255020884
1371.6282130884
1373.3329762702
1375.0375896338
1376.7354101793
1378.4388103611
1380.1387968156
1381.8402202702
1383.5429082702
1385.2410444520
1386.9387679975
1388.6406594520
1390.3453249975
1392.0427684520
1393.7411023611
1395.4432323611
1397.1446142702
1398.8469492702
1400.5432324520
1402.2410040884
1403.9420557247
1405.6482789975
1407.3535654520
1409.0508725429
1410.7584409975
1412.4618588156
1414.1628479066
1415.8674166338
1417.5717275429
1419.2687667247
1420.9735259066
1422.6722123611
1424.3777264520
1426.0749869066
1427.7786531793
1429.4779784520
1431.1842984520
1432.8875646338
1434.5899044520
1436.2985265429
1437.9959898156
1439.6934483611
1441.4006369975
1443.1061350884
1444.8093264520
1446.5063994520
1448.2061588156
1449.9046984520
1451.6056595429
1453.3176461793
1455.0200253611
1456.7202863611
1458.4234423611
1460.1276206338
1461.8329590884
1463.5342334520
1465.2383655429
1466.9390655429
1468.6388389975
1470.3379389066
1472.0432959066
1473.7474046338
1475.4526820884
1477.1538098156
1478.8594375429
1480.5628475429
1482.2662879975
1483.9695025429
1485.6750281793
1487.3771491793
1489.0828534520
1490.7934467247
1492.4934833611
1494.1981982702
1495.9028809975
1497.6119821793
1499.3192241793
1501.0227250884
1502.7298645429
1504.4393128156
1506.1526748156
1507.8604560884
1509.5715855429
1511.2849034520
1512.9926817247
1514.6997219066
1516.4075390884
1518.1159329066
1519.8287482702
1521.5373143611
1523.2537258156
1524.9623386338
1526.6767237247
1528.3864237247
1530.1009450884
1531.8065309066
1533.5208434520
1535.2292054520
1536.9383785429
1538.6465053611
1540.3566207247
1542.0679789975
1543.7801092702
1545.4918169066
1547.2052375429
1548.9170202702
1550.6276719975
1552.3389212702
1554.0480253611
1555.7603067247
1557.4731593611
1559.1850926338
1560.8985488156
1562.6058547247
1564.3181835429
1566.0334336338
1567.7493251793
1569.4629564520
1571.1728127247
1572.8868191793
1574.6060633611
1576.3225297247
1578.0384626338
1579.7520747247
1581.4671509975
1583.1857027247
1584.9053723611
1586.6219675429
1588.3391876338
1590.0542553611
1591.7716877247
1593.4897874520
1595.2069154520
1596.9250249066
1598.6378211793
1600.3553192702
1602.0679628156
1603.7807382702
1605.5005462702
1607.2149339066
1608.9325364520
1610.6462884520
1612.3656739066
1614.0901081793
1615.8134840884
1617.5338682702
1619.2578439975
1620.9791952702
1622.6985880884
1624.4222979975
1626.1433167247
1627.8635391793
1629.5820358156
1631.3048289066
1633.0230582702
1634.7465346338
1636.4672894520
1638.1849341793
1639.9048538156
1641.6266273611
1643.3458379975
1645.0682220884
1646.7929286338
1648.5175029975
1650.2406172702
1651.9638906338
1653.6858157247
1655.4038721793
1657.1221215429
1658.8486818156
1660.5730115429
1662.3024017247
1664.0289066338
1665.7461169975
1667.4705826338
1669.1909805429
1670.9202265429
1672.6425739975
1674.3650115429
1676.0894260884
1677.8076296338
1679.5325689975
1681.2602577247
1682.9835361793
1684.7101186338
1686.4356110884
1688.1618189066
1689.8879799066
1691.6114268156
1693.3373746338
1695.0634611793
1696.7928214520
1698.5138875429
1700.2469192702
1701.9757311793
1703.6985610884
1705.4259193611
1707.1535968156
1708.8776672702
1710.6061868156
1712.3302679066
1714.0551716338
1715.7822446338
1717.5099151793
1719.2395782702
1720.9671999066
1722.6895243611
1724.4174169975
1726.1433217247
1727.8725642702
1729.5973433611
1731.3249645429
1733.0515783611
1734.7782336338
1736.5100312702
1738.2431374520
1739.9699763611
1741.6950179066
1743.4198278156
1745.1501754520
1746.8763191793
1748.6071128156
1750.3372385429
1752.0600375429
1753.7839909975
1755.5167139066
1757.2419718156
1758.9723590884
1760.7017855429
1762.4315600884
1764.1544779975
1765.8854734520
1767.6143651793
1769.3463158156
1771.0723889066
1772.7938781793
1774.5220866338
1776.2507069066
1777.9837935429
1779.7111380884
1781.4391207247
1783.1632118156
1784.8949843611
1786.6244681793
1788.3514706338
1790.0822050884
1791.8142825429
1793.5469174520
1795.2782839066
1797.0033847247
1798.7306658156
1800.4647997247
1802.1926786338
1803.9256660884
1805.6560740884
1807.3823092702
1809.1174758156
1810.8470143611
1812.5772018156
1814.3080954520
1816.0415120884
1817.7749148156
1819.5068264520
1821.2376521793
1822.9668328156
1824.7020322702
1826.4333618156
1828.1713228156
1829.9031882702
1831.6356705429
1833.3683882702
1835.1006128156
1836.8342063611
1838.5675163611
1840.3009489066
1842.0338096338
1843.7655839975
1845.4949243611
1847.2246730884
1848.9577219066
1850.6887954520
1852.4238987247
1854.1562029975
1855.8933872702
1857.6210210884
1859.3528859975
1861.0905949066
1862.8212053611
1864.5609085429
1866.2917624520
1868.0262076338
1869.7614584520
1871.4926850884
1873.2299262702
1874.9620312702
1876.6968770884
1878.4310202702
1880.1661123611
1881.9002564520
1883.6377529066
1885.3729520884
1887.1072773611
1888.8443807247
1890.5808770884
1892.3135758156
1894.0481139066
1895.7843654520
1897.5191677247
1899.2528458156
1900.9885719975
1902.7238782702
1904.4614837247
1906.1934060884
1907.9262586338
1909.6593853611
1911.3960464520
1913.1336261793
1914.8739569066
1916.6134041793
1918.3508797247
1920.0844542702
1921.8255283611
1923.5564755429
1925.2962399975
1927.0289119066
1928.7616177247
1930.4937150884
1932.2293152702
1933.9622353611
1935.6950702702
1937.4351776338
1939.1673049975
1940.9010592702
1942.6355852702
1944.3715548156
1946.1010647247
1947.8377680884
1949.5711106338
1951.3093570884
1953.0441861793
1954.7803339066
1956.5173770884
1958.2527476338
1959.9873809975
1961.7271971793
1963.4630226338
1965.2007273611
1966.9357427247
1968.6679306338
1970.4040600884
1972.1405804520
1973.8755504520
1975.6086256338
1977.3414180884
1979.0799679975
1980.8145755429
1982.5481825429
1984.2730047247
1986.0081998156
1987.7439857247
1989.4754271793
1991.2104556338
1992.9471773611
1994.6818299975
1996.4111185429
1998.1499172702
1999.8769491793
2001.6088038156
2003.3385897247
2005.0728653611
2006.8089169975
2008.5372435429
2010.2667432702
2011.9940314520
2013.7283636338
2015.4574730884
2017.1904308156
2018.9221935429
2020.6485939975
2022.3735194520
2024.1028212702
2025.8325539066
2027.5601067247
2029.2873946338
2031.0175311793
2032.7420996338
2034.4658709066
2036.1923845429
2037.9185806338
2039.6546714520
2041.3797748156
2043.1068003611
2044.8346391793
2046.5597049066
2048.2823636338
2050.0057824520
2051.7286887247
2053.4507152702
2055.1768847247
2056.8984970884
2058.6226019975
2060.3462365429
2062.0693342702
2063.7903734520
2065.5109617247
2067.2322593611
2068.9549169066
2070.6775973611
2072.3956083611
2074.1143609066
2075.8289978156
2077.5470497247
2079.2694984520
2080.9847939066
2082.7079072702
2084.4282265429
2086.1455773611
2087.8626545429
2089.5761378156
2091.2889164520
2093.0066836338
2094.7153489975
2096.4312696338
2098.1377561793
2099.8485115429
2101.5630994520
2103.2750695429
2104.9865729975
2106.7029691793
2108.4144449975
2110.1275682702
2111.8354752702
2113.5429653611
2115.2552776338
2116.9575533611
2118.6640313611
2120.3683110884
2122.0754593611
2123.7785329066
2125.4851830884
2127.1877549066
2128.8932733611
2130.5959773611
2132.3016131793
2134.0035909066
2135.7035784520
2137.4093696338
2139.1103523611
2140.8111846338
2142.5093634520
2144.2056690884
2145.9020096338
2147.5968185429
2149.2878087247
2150.9851586338
2152.6743727247
2154.3661036338
2156.0555949975
2157.7502282702
2159.4469757247
2161.1353204520
2162.8247735429
2164.5125475429
2166.2018160884
2167.8932911793
2169.5857318156
2171.2700642702
2172.9636940884
2174.6506079975
2176.3360309975
2178.0153148156
2179.6984614520
2181.3776498156
2183.0654334520
2184.7479935429
2186.4298781793
2188.1100891793
2189.7881942702
2191.4643337247
2193.1395960884
2194.8187425429
2196.4955810884
2198.1691355429
2199.8401871793
2201.5089959066
2203.1855858156
2204.8544662702
2206.5190659975
2208.1860269975
2209.8531210884
2211.5201471793
2213.1855585429
2214.8548475429
2216.5214494520
2218.1827024520
2219.8403966338
2221.4980917247
2223.1627114520
2224.8210438156
2226.4822708156
2228.1417869975
2229.8024489066
2231.4614239066
2233.1139312702
2234.7621650884
2236.4116149066
2238.0671853611
2239.7173172702
2241.3652249975
2243.0165969066
2244.6665048156
2246.3108514520
2247.9567226338
2249.6012215429
2251.2485100884
2252.8915611793
2254.5289983611
2256.1689956338
2257.8099838156
2259.4486219975
2261.0883944520
2262.7284766338
2264.3667112702
2266.0021212702
2267.6382358156
2269.2655459975
2270.9074365429
2272.5352949975
2274.1609276338
2275.7898309975
2277.4210154520
2279.0446642702
2280.6743879975
2282.2956897247
2283.9158262702
2285.5386022702
2287.1595438156
2288.7757118156
2290.3900479066
2292.0050259066
2293.6158468156
2295.2268702702
2296.8382289066
2298.4508329066
2300.0590570884
2301.6644162702
2303.2735441793
2304.8778476338
2306.4835609975
2308.0843941793
2309.6888001793
2311.2873895429
2312.8838553611
2314.4849731793
2316.0779562702
2317.6720538156
2319.2653850884
2320.8538641793
2322.4383759975
2324.0329000884
2325.6224826338
2327.2122077247
2328.7939934520
2330.3764943611
2331.9609167247
2333.5400973611
2335.1217541793
2336.6997163611
2338.2780409975
2339.8515201793
2341.4216329066
2342.9963433611
2344.5678388156
2346.1358499066
2347.7057099066
2349.2727259066
2350.8367228156
2352.3997238156
2353.9589422702
2355.5147512702
2357.0677257247
2358.6254307247
2360.1808773611
2361.7341537247
2363.2826939066
2364.8355391793
2366.3850465429
2367.9326564520
2369.4782156338
2371.0224371793
2372.5614956338
2374.1006589975
2375.6316829066
2377.1675820884
2378.7013655429
2380.2351510884
2381.7675188156
2383.2950069066
2384.8247113611
2386.3507911793
2387.8721624520
2389.3939213611
2390.9124428156
2392.4268265429
2393.9425369975
2395.4517349975
2396.9622203611
2398.4752101793
2399.9861060884
2401.4902772702
2402.9964505429
2404.4966454520
2406.0008166338
2407.4991665429
2409.0002172702
2410.4951179975
2411.9847850884
2413.4720676338
2414.9622019066
2416.4483622702
2417.9309180884
2419.4104449975
2420.8940926338
2422.3720818156
2423.8491729975
2425.3234559975
2426.7908992702
2428.2619417247
2429.7328750884
2431.1925123611
2432.6567679975
2434.1169771793
2435.5734118156
2437.0267579066
2438.4793046338
2439.9331701793
2441.3849979066
2442.8342380884
2444.2790650884
2445.7242139975
2447.1633450884
2448.6027319066
2450.0435364520
2451.4821292702
2452.9113263611
2454.3375955429
2455.7654683611
2457.1887667247
2458.6078609975
2460.0303919066
2461.4490083611
2462.8653322702
2464.2803771793
2465.6937157247
2467.1021513611
2468.5066055429
2469.9088981793
2471.3064945429
2472.7001601793
2474.0961748156
2475.4873929066
2476.8779164520
2478.2655239066
2479.6502279975
2481.0328169975
2482.4105868156
2483.7890319066
2485.1645369975
2486.5365959066
2487.9039561793
2489.2671142702
2490.6318537247
2491.9958809975
2493.3581109066
2494.7129804520
2496.0659443611
2497.4153127247
2498.7627660884
2500.1073945429
2501.4488371793
2502.7893514520
2504.1261919066
2505.4621753611
2506.7905668156
2508.1198967247
2509.4452022702
2510.7699469066
2512.0870399066
2513.4052561793
2514.7183994520
2516.0299492702
2517.3364663611
2518.6374300884
2519.9395501793
2521.2372785429
2522.5333865429
2523.8251942702
2525.1138804520
2526.4012689066
2527.6851104520
2528.9630906338
2530.2384342702
2531.5114921793
2532.7802500884
2534.0468841793
2535.3139480884
2536.5725580884
2537.8308859975
2539.0838069975
2540.3369099066
2541.5864969066
2542.8292996338
2544.0717853611
2545.3110797247
2546.5462204520
2547.7785417247
2549.0083788156
2550.2317627247
2551.4524979066
2552.6728187247
2553.8861834520
2555.0973863611
2556.3021302702
2557.5074659975
2558.7038743611
2559.9035538156
2561.0953032702
2562.2874610884
2563.4753337247
2564.6606979975
2565.8362565429
2567.0136451793
2568.1849592702
2569.3532976338
2570.5181875429
2571.6783541793
2572.8329459975
2573.9852460884
2575.1359209975
2576.2808643611
2577.4225689066
2578.5625217247
2579.7009549066
2580.8347710884
2581.9627897247
2583.0827331793
2584.2011879066
2585.3182045429
2586.4293251793
2587.5348018156
2588.6382333611
2589.7363169975
2590.8318425429
2591.9224186338
2593.0088030884
2594.0894072702
2595.1669932702
2596.2391037247
2597.3078658156
2598.3712685429
2599.4305000884
2600.4891565429
2601.5396208156
2602.5843468156
2603.6257290884
2604.6648989975
2605.7009331793
2606.7292346338
2607.7535721793
2608.7764549066
2609.7916068156
2610.8016980884
2611.8094076338
2612.8133274520
2613.8115347247
2614.8041284520
2615.7899871793
2616.7742639975
2617.7553403611
2618.7290581793
2619.6982363611
2620.6671944520
2621.6273306338
2622.5860687247
2623.5396673611
2624.4908918156
2625.4329854520
2626.3684355429
2627.2982572702
2628.2244669975
2629.1481637247
2630.0693900884
2630.9778691793
2631.8853213611
2632.7873050884
2633.6837379066
2634.5744589066
2635.4592094520
2636.3412779066
2637.2211103611
2638.0895354520
2638.9524815429
2639.8126281793
2640.6702339066
2641.5227091793
2642.3674315429
2643.2041375429
2644.0390246338
2644.8684373611
2645.6950816338
2646.5076832702
2647.3181775429
2648.1243819975
2648.9230129066
2649.7134399975
2650.5047930884
2651.2881966338
2652.0676291793
2652.8384511793
2653.6058208156
2654.3649179975
2655.1157484520
2655.8616184520
2656.6025067247
2657.3385443611
2658.0675711793
2658.7937766338
2659.5120940884
2660.2203827247
2660.9232639066
2661.6215383611
2662.3115721793
2662.9965418156
2663.6752249066
2664.3496645429
2665.0151002702
2665.6778039066
2666.3337218156
2666.9803309975
2667.6181628156
2668.2529890884
2668.8805297247
2669.5027091793
2670.1151432702
2670.7261861793
2671.3273009975
2671.9183077247
2672.5027452702
2673.0825659066
2673.6549620884
2674.2217768156
2674.7806772702
2675.3320165429
2675.8751344520
2676.4155977247
2676.9476373611
2677.4712889975
2677.9897457247
2678.4968124520
2678.9969401793
2679.4919843611
2679.9749889066
2680.4551512702
2680.9246879066
2681.3835023611
2681.8381500884
2682.2873359066
2682.7261628156
2683.1593510884
2683.5826763611
2683.9957656338
2684.4029075429
2684.8030201793
2685.1948576338
2685.5794074520
2685.9542159066
2686.3140400884
2686.6695848156
2687.0148251793
2687.3519814520
2687.6819667247
2688.0035459975
2688.3172743611
2688.6208687247
2688.9173607247
2689.2049175429
2689.4836604520
2689.7504334520
2690.0120008156
2690.2633268156
2690.5041829975
2690.7362481793
2690.9579840884
2691.1693399975
2691.3697832702
2691.5627754520
2691.7469347247
2691.9177299975
2692.0775920884
2692.2289675429
2692.3718239975
2692.5011228156
2692.6207177247
2692.7321713611
2692.8342522702
2692.9210029975
2693.0000587247
2693.0682918156
2693.1243256338
2693.1725156338
2693.2033487247
2693.2269927247
2693.2358312702
2693.2311097247
2693.2212695429
2693.1956398156
2693.1580214520
2693.1093159975
2693.0505372702
2692.9735621793
2692.8865377247
2692.7845233611
2692.6733883611
2692.5485673611
2692.4096211793
2692.2565540884
2692.0917443611
2691.9143269066
2691.7244679066
2691.5191398156
2691.3008936338
2691.0641461793
2690.8142649975
2690.5492723611
2690.2669197247
2689.9754607247
2689.6649788156
2689.3415844520
2689.0006254520
2688.6440239975
2688.2729771793
2687.8837663611
2687.4791529066
2687.0562897247
2686.6166449975
2686.1544583611
2685.6789309975
2685.1846245429
2684.6707743611
2684.1330591793
2683.5830673611
2683.0086724520
2682.4184790884
2681.8072892702
2681.1743207247
2680.5186149066
2679.8445845429
2679.1494571793
2678.4307942702
2677.6886846338
2676.9260469066
2676.1353579066
2675.3209958156
2674.4839359066
2673.6202569975
2672.7275619066
2671.8090182702
2670.8599050884
2669.8838602702
2668.8769330884
2667.8457502702
2666.7785778156
2665.6794496338
2664.5498726338
2663.3789031793
2662.1798287247
2660.9450665429
2659.6703289066
2658.3539896338
2656.9910691793
2655.5873869975
2654.1392575429
2652.6500141793
2651.1088813611
2649.5144820884
2647.8614114520
2646.1568434520
2644.3916491793
2642.5612129975
2640.6605976338
2638.6887054520
2636.6166231793
2634.4787205429
2632.2336601793
2629.8900443611
2627.4262274520
2624.8312205429
2622.0871821793
2619.1504011793
2615.9953264520
2612.5314918156
2608.6825839066
2604.1699153611
