2.9957320000
13.7589279091
14.4386928182
17.3313709091
23.8124580000
19.1372237273
25.2445920909
28.1090694545
33.4852120000
30.1837857273
35.3335043636
38.2055503636
42.8874998182
40.4943793636
45.0667727273
47.8841478182
52.0549742727
50.3993986364
54.4998850000
57.2349428182
61.0105794545
59.9215161818
63.6880996364
66.3963315455
69.8437585455
69.2237994545
72.7293528182
75.3448130909
78.5341643636
78.3244548182
81.6147131818
84.1696218182
87.0874803636
87.2837822727
90.3742145455
92.8611210000
95.5560181818
96.0985699091
99.0154802727
101.4391897273
103.9415575455
104.7854352727
107.5586535455
109.9091362727
112.2742837273
113.3523204545
116.0207488182
118.3015997273
120.5343315455
121.8326589091
124.3776122727
126.6035848182
128.7629346364
130.2359602727
132.6816486364
134.8562995455
136.9328384545
138.5434270000
140.9223083636
143.0318871818
145.0678630000
146.7957186364
149.0875580000
151.1519768182
153.1379186364
154.9638963636
157.1926260909
159.2211718182
161.1939245455
163.0830823636
165.2504777273
167.2664718182
169.2295981818
171.1372558182
173.2521360909
175.2426790909
177.2044343636
179.1332382727
181.1997884545
183.1724200000
185.1190441818
187.0902919091
189.1138631818
191.0742483636
193.0230214545
194.9828466364
196.9953988182
198.9426520909
200.8892930000
202.8340213636
204.8361977273
206.7880097273
208.7144298182
210.6666585455
212.6504515455
214.5983167273
216.5232967273
218.4580301818
220.4252510909
222.3724260909
224.2825180909
226.2329444545
228.1756089091
230.0933199091
232.0226720909
233.9630904545
235.8813501818
237.8130957273
239.7241841818
241.6649871818
243.5771321818
245.4973112727
247.4069890000
249.3337588182
251.2379710000
253.1443347273
255.0625010909
256.9859680909
258.8802261818
260.7783878182
262.6945220909
264.5995378182
266.5012870909
268.3944823636
270.2907540909
272.1810738182
274.0840372727
275.9844790000
277.8739519091
279.7358010909
281.6442689091
283.5326741818
285.4226557273
287.2861251818
289.1641695455
291.0601500000
292.9345052727
294.8078660000
296.6853201818
298.5597658182
300.4215951818
302.3019440909
304.1721198182
306.0425746364
307.9150666364
309.7785650909
311.6463077273
313.5163327273
315.3758101818
317.2420912727
319.0926744545
320.9465279091
322.8095226364
324.6748810000
326.5261168182
328.3789300909
330.2366098182
332.0884192727
333.9398650909
335.8016262727
337.6490800909
339.4916100000
341.3494524545
343.1847592727
345.0322249091
346.8746478182
348.7207842727
350.5609025455
352.4032910000
354.2419631818
356.0727339091
357.9222407273
359.7484935455
361.5905365455
363.4236862727
365.2626220000
367.0845417273
368.9279800909
370.7508750909
372.5858859091
374.4178689091
376.2436672727
378.0708748182
379.8917442727
381.7279314545
383.5432732727
385.3683925455
387.1979113636
389.0104386364
390.8310950000
392.6531440909
394.4686725455
396.2904426364
398.1039954545
399.9209055455
401.7262480000
403.5519299091
405.3564371818
407.1610540000
408.9679430909
410.7854903636
412.6024529091
414.4049153636
416.2125230000
418.0188943636
419.8263116364
421.6275902727
423.4301248182
425.2262410000
427.0302387273
428.8409439091
430.6348273636
432.4297274545
434.2240484545
436.0297731818
437.8235661818
439.6238461818
441.4167064545
443.2186808182
445.0165869091
446.7957592727
448.5993095455
450.3929987273
452.1790077273
453.9656816364
455.7662574545
457.5472606364
459.3437484545
461.1300135455
462.9136586364
464.7048385455
466.4903137273
468.2736381818
470.0586299091
471.8402902727
473.6209892727
475.4056930000
477.1911147273
478.9648549091
480.7439802727
482.5156599091
484.2976968182
486.0833248182
487.8551778182
489.6287247273
491.4117295455
493.1830014545
494.9498090909
496.7366922727
498.4981752727
500.2784435455
502.0451190909
503.8183360909
505.5899761818
507.3583166364
509.1300426364
510.8974392727
512.6650723636
514.4408828182
516.2034366364
517.9705355455
519.7374323636
521.4986270000
523.2737189091
525.0311484545
526.8001334545
528.5659515455
530.3258674545
532.0945638182
533.8529075455
535.6114574545
537.3765720909
539.1384397273
540.8953220000
542.6569840000
544.4099179091
546.1664308182
547.9281740000
549.6822169091
551.4393419091
553.1956804545
554.9558887273
556.7063118182
558.4562035455
560.2172925455
561.9660611818
563.7244439091
565.4675774545
567.2168412727
568.9684860000
570.7197933636
572.4640179091
574.2170622727
575.9667173636
577.7147352727
579.4682416364
581.2178755455
582.9567116364
584.7085324545
586.4635597273
588.2062566364
589.9466246364
591.6974752727
593.4406689091
595.1863024545
596.9244659091
598.6680272727
600.4120877273
602.1511098182
603.8984625455
605.6380020000
607.3727795455
609.1154147273
610.8606242727
612.5929325455
614.3290275455
616.0759560000
617.8119188182
619.5545791818
621.2905700000
623.0224405455
624.7604209091
626.4931517273
628.2269913636
629.9648396364
631.6981644545
633.4251980000
635.1623246364
636.8959571818
638.6257069091
640.3593430000
642.0906364545
643.8198888182
645.5541865455
647.2775718182
649.0071742727
650.7369504545
652.4652835455
654.1929260909
655.9227664545
657.6462288182
659.3750556364
661.1000240000
662.8240670000
664.5527413636
666.2848102727
668.0078743636
669.7352190000
671.4569921818
673.1873951818
674.9119965455
676.6313901818
678.3573135455
680.0799149091
681.8016322727
683.5290157273
685.2495841818
686.9734670909
688.6908607273
690.4110700000
692.1381137273
693.8601680909
695.5814130909
697.3052316364
699.0172965455
700.7396107273
702.4597440909
704.1788105455
705.8940137273
707.6123808182
709.3295569091
711.0495985455
712.7633883636
714.4798597273
716.1864087273
717.9136501818
719.6176890909
721.3344397273
723.0490166364
724.7675491818
726.4804758182
728.1946020000
729.9124630909
731.6277374545
733.3389353636
735.0472515455
736.7625623636
738.4707957273
740.1885119091
741.8996103636
743.6025427273
745.3160389091
747.0295489091
748.7369930000
750.4445931818
752.1500510000
753.8630869091
755.5693725455
757.2757706364
758.9856821818
760.6985063636
762.4023120000
764.1120399091
765.8179224545
767.5239567273
769.2272727273
770.9395859091
772.6370281818
774.3432547273
776.0504922727
777.7558930909
779.4578059091
781.1620119091
782.8703077273
784.5790042727
786.2814680000
787.9852241818
789.6958417273
791.4005454545
793.0983025455
794.8043952727
796.5068229091
798.2056126364
799.9108489091
801.6143924545
803.3149570000
805.0172593636
806.7139263636
808.4142637273
810.1116441818
811.8129975455
813.5155090909
815.2195146364
816.9133761818
818.6166815455
820.3188955455
822.0145754545
823.7130932727
825.4135444545
827.1147735455
828.8098340909
830.5074214545
832.2030939091
833.9003513636
835.5964066364
837.2971891818
838.9913740000
840.6890783636
842.3839017273
844.0801116364
845.7778365455
847.4680444545
849.1646000000
850.8588368182
852.5563640909
854.2494205455
855.9408102727
857.6317813636
859.3262250000
861.0175726364
862.7111762727
864.4051280909
866.1027949091
867.7976765455
869.4942105455
871.1811533636
872.8733212727
874.5675336364
876.2560565455
877.9444654545
879.6344454545
881.3218597273
883.0140149091
884.7033258182
886.3936680000
888.0825513636
889.7721590000
891.4641554545
893.1509107273
894.8397380909
896.5261591818
898.2182317273
899.9071849091
901.5885360000
903.2841201818
904.9741893636
906.6605501818
908.3508489091
910.0389342727
911.7302262727
913.4159332727
915.1006765455
916.7862370909
918.4746775455
920.1604198182
921.8458926364
923.5313423636
925.2229369091
926.9109553636
928.5943987273
930.2787450000
931.9621959091
933.6452940909
935.3341019091
937.0199765455
938.7054578182
940.3897423636
942.0746624545
943.7547404545
945.4442680909
947.1227661818
948.8112864545
950.4977827273
952.1769906364
953.8600074545
955.5469035455
957.2266399091
958.9104866364
960.5939567273
962.2777242727
963.9606990909
965.6394714545
967.3213953636
969.0046842727
970.6891540000
972.3712714545
974.0569617273
975.7387015455
977.4198508182
979.0995981818
980.7823490909
982.4618312727
984.1438358182
985.8261551818
987.5135910909
989.1876462727
990.8655760909
992.5534913636
994.2378706364
995.9186670000
997.5981523636
999.2771604545
1000.9525560000
1002.6335885455
1004.3117880000
1005.9938721818
1007.6757634545
1009.3526835455
1011.0368601818
1012.7128880000
1014.3932298182
1016.0696190000
1017.7480990909
1019.4288765455
1021.1060220000
1022.7854908182
1024.4614858182
1026.1411229091
1027.8175574545
1029.4946376364
1031.1778983636
1032.8523490909
1034.5277091818
1036.2111602727
1037.8854156364
1039.5635660909
1041.2404587273
1042.9170108182
1044.5911778182
1046.2730076364
1047.9493400909
1049.6215861818
1051.2990381818
1052.9748829091
1054.6542456364
1056.3275031818
1058.0058967273
1059.6849093636
1061.3549528182
1063.0349695455
1064.7116425455
1066.3915536364
1068.0621310909
1069.7460187273
1071.4184309091
1073.0962811818
1074.7750802727
1076.4492945455
1078.1221640000
1079.8025398182
1081.4731652727
1083.1500792727
1084.8269570000
1086.5028119091
1088.1743598182
1089.8533428182
1091.5278478182
1093.2076340909
1094.8804921818
1096.5535197273
1098.2263072727
1099.9026163636
1101.5721526364
1103.2503323636
1104.9266568182
1106.6003337273
1108.2752252727
1109.9515176364
1111.6259005455
1113.2979760909
1114.9786518182
1116.6477789091
1118.3229196364
1119.9916550909
1121.6671988182
1123.3402420909
1125.0163760909
1126.6864834545
1128.3599085455
1130.0386253636
1131.7118134545
1133.3852209091
1135.0610694545
1136.7291833636
1138.4037303636
1140.0767383636
1141.7530940000
1143.4248119091
1145.0947431818
1146.7687734545
1148.4433608182
1150.1164313636
1151.7895914545
1153.4602637273
1155.1332830909
1156.8077095455
1158.4804659091
1160.1500726364
1161.8305190909
1163.5047869091
1165.1788931818
1166.8493342727
1168.5268724545
1170.1951660000
1171.8679778182
1173.5450846364
1175.2169956364
1176.8853498182
1178.5589872727
1180.2334559091
1181.9001904545
1183.5753670909
1185.2463310909
1186.9184496364
1188.5924116364
1190.2692797273
1191.9438095455
1193.6098911818
1195.2865827273
1196.9571267273
1198.6296673636
1200.3011931818
1201.9762228182
1203.6487568182
1205.3181572727
1206.9935197273
1208.6660600000
1210.3401420909
1212.0120933636
1213.6841945455
1215.3568822727
1217.0308250000
1218.6993493636
1220.3724013636
1222.0474808182
1223.7176302727
1225.3892796364
1227.0578219091
1228.7346898182
1230.4082579091
1232.0804930909
1233.7510796364
1235.4272875455
1237.0965483636
1238.7675744545
1240.4430337273
1242.1146571818
1243.7871137273
1245.4608624545
1247.1322904545
1248.8073589091
1250.4745118182
1252.1475869091
1253.8240842727
1255.4977243636
1257.1662897273
1258.8365241818
1260.5105921818
1262.1829300000
1263.8557464545
1265.5273490000
1267.1981736364
1268.8706600000
1270.5444439091
1272.2157118182
1273.8879370909
1275.5571094545
1277.2341191818
1278.9033709091
1280.5755637273
1282.2468696364
1283.9220860000
1285.5959260909
1287.2642814545
1288.9412203636
1290.6143853636
1292.2893632727
1293.9591567273
1295.6314593636
1297.3047931818
1298.9754967273
1300.6500431818
1302.3233700000
1303.9958656364
1305.6618719091
1307.3379629091
1309.0118630000
1310.6849723636
1312.3589285455
1314.0364435455
1315.7067916364
1317.3786649091
1319.0523123636
1320.7283925455
1322.4000319091
1324.0744180000
1325.7544908182
1327.4232370909
1329.0959302727
1330.7691857273
1332.4426642727
1334.1149655455
1335.7896992727
1337.4634646364
1339.1392651818
1340.8133370909
1342.4854404545
1344.1599830000
1345.8337980000
1347.5081015455
1349.1824093636
1350.8544351818
1352.5278254545
1354.2014215455
1355.8732479091
1357.5466784545
1359.2218174545
1360.8942961818
1362.5698900909
1364.2415918182
1365.9154498182
1367.5901389091
1369.2663335455
1370.9386483636
1372.6135559091
1374.2867014545
1375.9590112727
1377.6356347273
1379.3088194545
1380.9809811818
1382.6528188182
1384.3269251818
1386.0023823636
1387.6752329091
1389.3481589091
1391.0230442727
1392.6997263636
1394.3741074545
1396.0458949091
1397.7188190000
1399.3966817273
1401.0677115455
1402.7385877273
1404.4143517273
1406.0890412727
1407.7671563636
1409.4430992727
1411.1163068182
1412.7911958182
1414.4666292727
1416.1402726364
1417.8151547273
1419.4904335455
1421.1654093636
1422.8423744545
1424.5144254545
1426.1883130000
1427.8651314545
1429.5406948182
1431.2158923636
1432.8900076364
1434.5653890909
1436.2409054545
1437.9188025455
1439.5912660000
1441.2632546364
1442.9418479091
1444.6188469091
1446.2953130909
1447.9729932727
1449.6478763636
1451.3230272727
1452.9985143636
1454.6728219091
1456.3481698182
1458.0245442727
1459.7009706364
1461.3766340909
1463.0536734545
1464.7281620000
1466.4055608182
1468.0801644545
1469.7538226364
1471.4287690000
1473.1079988182
1474.7839813636
1476.4599710909
1478.1367471818
1479.8125925455
1481.4899984545
1483.1699164545
1484.8472242727
1486.5205995455
1488.1986950000
1489.8749083636
1491.5505815455
1493.2260862727
1494.9037439091
1496.5849490909
1498.2609471818
1499.9402427273
1501.6153045455
1503.2962169091
1504.9730481818
1506.6505367273
1508.3251640909
1510.0021432727
1511.6805928182
1513.3571617273
1515.0357994545
1516.7114539091
1518.3861650909
1520.0651340909
1521.7455018182
1523.4238865455
1525.0993983636
1526.7779340909
1528.4561186364
1530.1344185455
1531.8130232727
1533.4920226364
1535.1715993636
1536.8462932727
1538.5216670909
1540.1984130909
1541.8772067273
1543.5518296364
1545.2330635455
1546.9105757273
1548.5864460000
1550.2656868182
1551.9435336364
1553.6232984545
1555.3013500909
1556.9777600000
1558.6585510909
1560.3358221818
1562.0168170000
1563.6949783636
1565.3722373636
1567.0544872727
1568.7286308182
1570.4083910000
1572.0888520000
1573.7675717273
1575.4467141818
1577.1263638182
1578.8071750000
1580.4849321818
1582.1632674545
1583.8417911818
1585.5218089091
1587.1973911818
1588.8802522727
1590.5573608182
1592.2404370000
1593.9179680000
1595.5982946364
1597.2771594545
1598.9582472727
1600.6367730909
1602.3168168182
1603.9960490909
1605.6756967273
1607.3566244545
1609.0360540909
1610.7152220000
1612.3962512727
1614.0757323636
1615.7553795455
1617.4345573636
1619.1150803636
1620.7964412727
1622.4794298182
1624.1608942727
1625.8405757273
1627.5225963636
1629.2044712727
1630.8812711818
1632.5605877273
1634.2437660909
1635.9254122727
1637.6031139091
1639.2816106364
1640.9613965455
1642.6454020000
1644.3254116364
1646.0053522727
1647.6861602727
1649.3652664545
1651.0478284545
1652.7256678182
1654.4062091818
1656.0866681818
1657.7659884545
1659.4485553636
1661.1278551818
1662.8095353636
1664.4930333636
1666.1686928182
1667.8488716364
1669.5328268182
1671.2090670909
1672.8887140909
1674.5684467273
1676.2499455455
1677.9326974545
1679.6097860000
1681.2930253636
1682.9737398182
1684.6530630000
1686.3342550000
1688.0173380000
1689.6966144545
1691.3773150000
1693.0602520000
1694.7423396364
1696.4209839091
1698.1026300000
1699.7804282727
1701.4612191818
1703.1453506364
1704.8258130000
1706.5068010909
1708.1909672727
1709.8739346364
1711.5531055455
1713.2353980909
1714.9175709091
1716.5963645455
1718.2771211818
1719.9553330909
1721.6383710909
1723.3198161818
1725.0038057273
1726.6875003636
1728.3647811818
1730.0486520909
1731.7296730000
1733.4142760000
1735.0954098182
1736.7757213636
1738.4611467273
1740.1428165455
1741.8257960000
1743.5076132727
1745.1887057273
1746.8679903636
1748.5514340909
1750.2336280000
1751.9138750909
1753.5938503636
1755.2751611818
1756.9579653636
1758.6396203636
1760.3213427273
1762.0043280909
1763.6836833636
1765.3660321818
1767.0484264545
1768.7287806364
1770.4099850000
1772.0924278182
1773.7756198182
1775.4557265455
1777.1399884545
1778.8216030909
1780.5027427273
1782.1826786364
1783.8666686364
1785.5466280909
1787.2292253636
1788.9114354545
1790.5921890000
1792.2758295455
1793.9573745455
1795.6419371818
1797.3270310000
1799.0129499091
1800.6938710909
1802.3762055455
1804.0591064545
1805.7437590000
1807.4219456364
1809.1036472727
1810.7886338182
1812.4708689091
1814.1519279091
1815.8362081818
1817.5207288182
1819.2030609091
1820.8853360000
1822.5686735455
1824.2507868182
1825.9346579091
1827.6178245455
1829.3014670000
1830.9834861818
1832.6695511818
1834.3528366364
1836.0355850909
1837.7199084545
1839.4030643636
1841.0853548182
1842.7675824545
1844.4531996364
1846.1377232727
1847.8208907273
1849.5046357273
1851.1863374545
1852.8712600000
1854.5557700000
1856.2381387273
1857.9223107273
1859.6053845455
1861.2853503636
1862.9728240000
1864.6570567273
1866.3379684545
1868.0184883636
1869.7025370000
1871.3853822727
1873.0697704545
1874.7548740909
1876.4374861818
1878.1201090909
1879.8034009091
1881.4859176364
1883.1696080000
1884.8511807273
1886.5362213636
1888.2179762727
1889.9005012727
1891.5879582727
1893.2685961818
1894.9539088182
1896.6388375455
1898.3238115455
1900.0075595455
1901.6950085455
1903.3778924545
1905.0660403636
1906.7495716364
1908.4319240000
1910.1194862727
1911.8015100909
1913.4875293636
1915.1697289091
1916.8551277273
1918.5380762727
1920.2254250909
1921.9078126364
1923.5907393636
1925.2742754545
1926.9579928182
1928.6441403636
1930.3291176364
1932.0147605455
1933.6998866364
1935.3847665455
1937.0691300909
1938.7514281818
1940.4354941818
1942.1188470909
1943.8059172727
1945.4917218182
1947.1771083636
1948.8627424545
1950.5486568182
1952.2326909091
1953.9177642727
1955.6049322727
1957.2891610909
1958.9730445455
1960.6584615455
1962.3432863636
1964.0270608182
1965.7127676364
1967.3967590000
1969.0808368182
1970.7635498182
1972.4497180909
1974.1323856364
1975.8178236364
1977.5056296364
1979.1879868182
1980.8710370909
1982.5573112727
1984.2423723636
1985.9276715455
1987.6143813636
1989.2984436364
1990.9835564545
1992.6678535455
1994.3536383636
1996.0415310909
1997.7284613636
1999.4109031818
2001.0959301818
2002.7821479091
2004.4691158182
2006.1547509091
2007.8380868182
2009.5214718182
2011.2079740000
2012.8960936364
2014.5799937273
2016.2657625455
2017.9475514545
2019.6341525455
2021.3205388182
2023.0065560000
2024.6933118182
2026.3772059091
2028.0622869091
2029.7503543636
2031.4343415455
2033.1213940000
2034.8061192727
2036.4907295455
2038.1764331818
2039.8642410909
2041.5476257273
2043.2347493636
2044.9190680909
2046.6060155455
2048.2908750909
2049.9739949091
2051.6600821818
2053.3454167273
2055.0298568182
2056.7182441818
2058.4012172727
2060.0852205455
2061.7690061818
2063.4563850909
2065.1414766364
2066.8269081818
2068.5148825455
2070.2002273636
2071.8865170000
2073.5720058182
2075.2589606364
2076.9429829091
2078.6281808182
2080.3146831818
2081.9999669091
2083.6863223636
2085.3741925455
2087.0609891818
2088.7488865455
2090.4340843636
2092.1212912727
2093.8078587273
2095.4912978182
2097.1782422727
2098.8672552727
2100.5493431818
2102.2351170909
2103.9217375455
2105.6080402727
2107.2920650000
2108.9786567273
2110.6648136364
2112.3514282727
2114.0364321818
2115.7244419091
2117.4107905455
2119.0955201818
2120.7805471818
2122.4705601818
2124.1548311818
2125.8415141818
2127.5277914545
2129.2136557273
2130.8986310909
2132.5824522727
2134.2723255455
2135.9567984545
2137.6411232727
2139.3320355455
2141.0186613636
2142.7037952727
2144.3887607273
2146.0749004545
2147.7623037273
2149.4476455455
2151.1327826364
2152.8188259091
2154.5045140000
2156.1910768182
2157.8787165455
2159.5628380909
2161.2507749091
2162.9390988182
2164.6248816364
2166.3103042727
2167.9953635455
2169.6839934545
2171.3693190000
2173.0573427273
2174.7418583636
2176.4305523636
2178.1170802727
2179.8033519091
2181.4889479091
2183.1752110909
2184.8600161818
2186.5434602727
2188.2330020000
2189.9190300909
2191.6038451818
2193.2900533636
2194.9768262727
2196.6658865455
2198.3553041818
2200.0410627273
2201.7286543636
2203.4144804545
2205.1020601818
2206.7886220000
2208.4739750909
2210.1614979091
2211.8490400000
2213.5356901818
2215.2231641818
2216.9093102727
2218.5975796364
2220.2831353636
2221.9722476364
2223.6573215455
2225.3442569091
2227.0314002727
2228.7185833636
2230.4065895455
2232.0924718182
2233.7795992727
2235.4672936364
2237.1551005455
2238.8412190000
2240.5299718182
2242.2166653636
2243.9041511818
2245.5923311818
2247.2786158182
2248.9655956364
2250.6541452727
2252.3402311818
2254.0272738182
2255.7153689091
2257.4028924545
2259.0899282727
2260.7794340000
2262.4656421818
2264.1531580000
2265.8399948182
2267.5278003636
2269.2140960909
2270.8996038182
2272.5883107273
2274.2777253636
2275.9637150909
2277.6504182727
2279.3365878182
2281.0240421818
2282.7136309091
2284.4001015455
2286.0862634545
2287.7744320000
2289.4639205455
2291.1506445455
2292.8394502727
2294.5274601818
2296.2163098182
2297.9005272727
2299.5898157273
2301.2770535455
2302.9655984545
2304.6529961818
2306.3383650000
2308.0264203636
2309.7140113636
2311.4021731818
2313.0912980909
2314.7770412727
2316.4648539091
2318.1489116364
2319.8375230000
2321.5254445455
2323.2130969091
2324.8988453636
2326.5876080000
2328.2749757273
2329.9616510000
2331.6500038182
2333.3394540909
2335.0288400000
2336.7159934545
2338.4030611818
2340.0913947273
2341.7778615455
2343.4666380000
2345.1549676364
2346.8429274545
2348.5315910000
2350.2172456364
2351.9045627273
2353.5928663636
2355.2804463636
2356.9697013636
2358.6567134545
2360.3419992727
2362.0290310909
2363.7158180000
2365.4048309091
2367.0919910000
2368.7800415455
2370.4682809091
2372.1567088182
2373.8432425455
2375.5292678182
2377.2170938182
2378.9065856364
2380.5952252727
2382.2830770000
2383.9705193636
2385.6617010000
2387.3478313636
2389.0368328182
2390.7243677273
2392.4142589091
2394.1039509091
2395.7937361818
2397.4804639091
2399.1685445455
2400.8579717273
2402.5454225455
2404.2320650909
2405.9214758182
2407.6090229091
2409.2964623636
2410.9868098182
2412.6766488182
2414.3662080000
2416.0545917273
2417.7425487273
2419.4312137273
2421.1189690000
2422.8076308182
2424.4977539091
2426.1864645455
2427.8761198182
2429.5642916364
2431.2524811818
2432.9392660909
2434.6275294545
2436.3156647273
2438.0048232727
2439.6923847273
2441.3819151818
2443.0708814545
2444.7593780909
2446.4464607273
2448.1366554545
2449.8256700909
2451.5112652727
2453.1999151818
2454.8897220000
2456.5778390909
2458.2675281818
2459.9596102727
2461.6494447273
2463.3375340909
2465.0265035455
2466.7156589091
2468.4023577273
2470.0911028182
2471.7835051818
2473.4708159091
2475.1605041818
2476.8484429091
2478.5359431818
2480.2258955455
2481.9124945455
2483.6011134545
2485.2895913636
2486.9791462727
2488.6675810909
2490.3569640909
2492.0489029091
2493.7387648182
2495.4244136364
2497.1145874545
2498.8055980000
2500.4937100000
2502.1842249091
2503.8730477273
2505.5618861818
2507.2522408182
2508.9418631818
2510.6333689091
2512.3196248182
2514.0107848182
2515.7004756364
2517.3906607273
2519.0788783636
2520.7699712727
2522.4595557273
2524.1471595455
2525.8389117273
2527.5269841818
2529.2182026364
2530.9071120000
2532.5963529091
2534.2840201818
2535.9746286364
2537.6647530000
2539.3538533636
2541.0420017273
2542.7311957273
2544.4166191818
2546.1088669091
2547.7953456364
2549.4875558182
2551.1751544545
2552.8639230909
2554.5533012727
2556.2436086364
2557.9322976364
2559.6201922727
2561.3106471818
2563.0013471818
2564.6906862727
2566.3829142727
2568.0712944545
2569.7632054545
2571.4503054545
2573.1413288182
2574.8324602727
2576.5204989091
2578.2115680909
2579.9011556364
2581.5911247273
2583.2819594545
2584.9722665455
2586.6618359091
2588.3514494545
2590.0412469091
2591.7303777273
2593.4195741818
2595.1093729091
2596.8003418182
2598.4903471818
2600.1805518182
2601.8699755455
2603.5609254545
2605.2490675455
2606.9403234545
2608.6291639091
2610.3207060909
2612.0094614545
2613.7012514545
2615.3908756364
2617.0803578182
2618.7689542727
2620.4614680909
2622.1503967273
2623.8405280909
2625.5330016364
2627.2231775455
2628.9132677273
2630.6055855455
2632.2971890000
2633.9878811818
2635.6782809091
2637.3672407273
2639.0597486364
2640.7537677273
2642.4441730909
2644.1339352727
2645.8247017273
2647.5126374545
2649.2053947273
2650.8965606364
2652.5885131818
2654.2775176364
2655.9713447273
2657.6594433636
2659.3500388182
2661.0407517273
2662.7329089091
2664.4246744545
2666.1168626364
2667.8069252727
2669.4978219091
2671.1889477273
2672.8805962727
2674.5741542727
2676.2638332727
2677.9551788182
2679.6464946364
2681.3376588182
2683.0315785455
2684.7198071818
2686.4118710000
2688.1061956364
2689.7950251818
2691.4855627273
2693.1764291818
2694.8680028182
2696.5597152727
2698.2499110000
2699.9417282727
2701.6348867273
2703.3258003636
2705.0188075455
2706.7081914545
2708.4005217273
2710.0904344545
2711.7813002727
2713.4745468182
2715.1648292727
2716.8572280000
2718.5476560909
2720.2387915455
2721.9305943636
2723.6222925455
2725.3160039091
2727.0059574545
2728.6973370000
2730.3891550909
2732.0796595455
2733.7707011818
2735.4614648182
2737.1539847273
2738.8445948182
2740.5365478182
2742.2291130909
2743.9190992727
2745.6088308182
2747.3028879091
2748.9921587273
2750.6848910909
2752.3754115455
2754.0670430909
2755.7568425455
2757.4475964545
2759.1391987273
2760.8310085455
2762.5235832727
2764.2127062727
2765.9064286364
2767.5976116364
2769.2887754545
2770.9787085455
2772.6701470000
2774.3624277273
2776.0537524545
2777.7452139091
2779.4393876364
2781.1331628182
2782.8255809091
2784.5174780909
2786.2098129091
2787.9061722727
2789.5995160909
2791.2899942727
2792.9848986364
2794.6774824545
2796.3717304545
2798.0659618182
2799.7603617273
2801.4515350909
2803.1431927273
2804.8365339091
2806.5280071818
2808.2203180909
2809.9113113636
2811.6049812727
2813.2940060000
2814.9884491818
2816.6834709091
2818.3732274545
2820.0668398182
2821.7594031818
2823.4514639091
2825.1427413636
2826.8364121818
2828.5308897273
2830.2240281818
2831.9172917273
2833.6115641818
2835.3047523636
2836.9996832727
2838.6949610000
2840.3881266364
2842.0808924545
2843.7717735455
2845.4666720000
2847.1583033636
2848.8513365455
2850.5478019091
2852.2394264545
2853.9306661818
2855.6234128182
2857.3181305455
2859.0119367273
2860.7042134545
2862.3999428182
2864.0941930909
2865.7887424545
2867.4813737273
2869.1747695455
2870.8680328182
2872.5614482727
2874.2562249091
2875.9495007273
2877.6434992727
2879.3381301818
2881.0326640000
2882.7242579091
2884.4191354545
2886.1122273636
2887.8065948182
2889.4999798182
2891.1930909091
2892.8884321818
2894.5824990909
2896.2751193636
2897.9672570000
2899.6597078182
2901.3540664545
2903.0476215455
2904.7429036364
2906.4372871818
2908.1326662727
2909.8260358182
2911.5199669091
2913.2158754545
2914.9101670909
2916.6055080000
2918.2997696364
2919.9941821818
2921.6910833636
2923.3854748182
2925.0786830000
2926.7738789091
2928.4679646364
2930.1629450000
2931.8588366364
2933.5556165455
2935.2483339091
2936.9432515455
2938.6370820000
2940.3306248182
2942.0244352727
2943.7181324545
2945.4154974545
2947.1106463636
2948.8057899091
2950.5003730909
2952.1964525455
2953.8928139091
2955.5892992727
2957.2871510000
2958.9844573636
2960.6795473636
2962.3752407273
2964.0702917273
2965.7658480909
2967.4618345455
2969.1583536364
2970.8539662727
2972.5506082727
2974.2453982727
2975.9412877273
2977.6362949091
2979.3336354545
2981.0280042727
2982.7238104545
2984.4193140000
2986.1157005455
2987.8132935455
2989.5091510909
2991.2068876364
2992.9059204545
2994.6014060000
2996.2935990909
2997.9906085455
2999.6875794545
3001.3828889091
3003.0795718182
3004.7761451818
3006.4730113636
3008.1656088182
3009.8633016364
3011.5600640909
3013.2552278182
3014.9530860000
3016.6505886364
3018.3464214545
3020.0443121818
3021.7407656364
3023.4384233636
3025.1327968182
3026.8296727273
3028.5255165455
3030.2225985455
3031.9186987273
3033.6154650000
3035.3111556364
3037.0050804545
3038.7035315455
3040.3996961818
3042.0980300000
3043.7942813636
3045.4910848182
3047.1875553636
3048.8829203636
3050.5799265455
3052.2750694545
3053.9724633636
3055.6670317273
3057.3638589091
3059.0616170909
3060.7580382727
3062.4539404545
3064.1499708182
3065.8469611818
3067.5447367273
3069.2410905455
3070.9381752727
3072.6328972727
3074.3301668182
3076.0281562727
3077.7245572727
3079.4224011818
3081.1198868182
3082.8193367273
3084.5157636364
3086.2161710909
3087.9131613636
3089.6078907273
3091.3050306364
3093.0022304545
3094.7009910000
3096.3991346364
3098.0958749091
3099.7952544545
3101.4914078182
3103.1864529091
3104.8843785455
3106.5812040000
3108.2770150909
3109.9746196364
3111.6763540000
3113.3741227273
3115.0712217273
3116.7693833636
3118.4673030909
3120.1647035455
3121.8605181818
3123.5557980000
3125.2530894545
3126.9502650909
3128.6468617273
3130.3444041818
3132.0412497273
3133.7393470000
3135.4359032727
3137.1342918182
3138.8327945455
3140.5300350909
3142.2267328182
3143.9248367273
3145.6192250909
3147.3167354545
3149.0130684545
3150.7119318182
3152.4102601818
3154.1067328182
3155.8041966364
3157.5028190909
3159.2019790000
3160.9000121818
3162.5960620000
3164.2926587273
3165.9908050909
3167.6885526364
3169.3854458182
3171.0833532727
3172.7838720000
3174.4811781818
3176.1792652727
3177.8723650000
3179.5702604545
3181.2667336364
3182.9634050909
3184.6608440000
3186.3594673636
3188.0560727273
3189.7535460909
3191.4510711818
3193.1481459091
3194.8480934545
3196.5468142727
3198.2474080000
3199.9444404545
3201.6411122727
3203.3387734545
3205.0387434545
3206.7367618182
3208.4340558182
3210.1310590909
3211.8292003636
3213.5290521818
3215.2254947273
3216.9220859091
3218.6208792727
3220.3199102727
3222.0184551818
3223.7174627273
3225.4156191818
3227.1156160909
3228.8139994545
3230.5098566364
3232.2078129091
3233.9056154545
3235.6085004545
3237.3058760000
3239.0056330000
3240.7035680909
3242.4026508182
3244.1004820909
3245.8003597273
3247.4981506364
3249.1974169091
3250.8971618182
3252.5950604545
3254.2947838182
3255.9920900000
3257.6901868182
3259.3911628182
3261.0884982727
3262.7881344545
3264.4872889091
3266.1862763636
3267.8851692727
3269.5826484545
3271.2792610000
3272.9782664545
3274.6780928182
3276.3776288182
3278.0759690000
3279.7712701818
3281.4699689091
3283.1694683636
3284.8696322727
3286.5656973636
3288.2667298182
3289.9664421818
3291.6627350000
3293.3595927273
3295.0611544545
3296.7596072727
3298.4589558182
3300.1593640000
3301.8594121818
3303.5577553636
3305.2565630000
3306.9557965455
3308.6554697273
3310.3572566364
3312.0561005455
3313.7550381818
3315.4532453636
3317.1539867273
3318.8549433636
3320.5534070000
3322.2507743636
3323.9519359091
3325.6503208182
3327.3502686364
3329.0485501818
3330.7477672727
3332.4495045455
3334.1485750909
3335.8468627273
3337.5450469091
3339.2448798182
3340.9438161818
3342.6434214545
3344.3419169091
3346.0417113636
3347.7395377273
3349.4374073636
3351.1366100909
3352.8340326364
3354.5334544545
3356.2320585455
3357.9336214545
3359.6301080909
3361.3290586364
3363.0284006364
3364.7271522727
3366.4288798182
3368.1296784545
3369.8302370909
3371.5299173636
3373.2315504545
3374.9317644545
3376.6329624545
3378.3337192727
3380.0338671818
3381.7322118182
3383.4325675455
3385.1308058182
3386.8297400909
3388.5299991818
3390.2300477273
3391.9308626364
3393.6297882727
3395.3302646364
3397.0301851818
3398.7283270909
3400.4282237273
3402.1298599091
3403.8286521818
3405.5294916364
3407.2276100909
3408.9259559091
3410.6265012727
3412.3271770000
3414.0257850000
3415.7242849091
3417.4254862727
3419.1248301818
3420.8243850909
3422.5218916364
3424.2210937273
3425.9215987273
3427.6190371818
3429.3207871818
3431.0189551818
3432.7176838182
3434.4181131818
3436.1183930909
3437.8195608182
3439.5194751818
3441.2171910909
3442.9181179091
3444.6180846364
3446.3173800000
3448.0180179091
3449.7197348182
3451.4181152727
3453.1189110000
3454.8205715455
3456.5205796364
3458.2222889091
3459.9213852727
3461.6226066364
3463.3236056364
3465.0228270000
3466.7222230000
3468.4232243636
3470.1251160000
3471.8236442727
3473.5239206364
3475.2236184545
3476.9222315455
3478.6229516364
3480.3221453636
3482.0214201818
3483.7229514545
3485.4222680909
3487.1219568182
3488.8220265455
3490.5224936364
3492.2225811818
3493.9228549091
3495.6243980000
3497.3246706364
3499.0254349091
3500.7271318182
3502.4255700909
3504.1263638182
3505.8289743636
3507.5286526364
3509.2296526364
3510.9301226364
3512.6301896364
3514.3292873636
3516.0290560909
3517.7268542727
3519.4260883636
3521.1268173636
3522.8276300000
3524.5283257273
3526.2285101818
3527.9307151818
3529.6291051818
3531.3295374545
3533.0308538182
3534.7308920909
3536.4335800000
3538.1343485455
3539.8338034545
3541.5312695455
3543.2343040000
3544.9327143636
3546.6310832727
3548.3311085455
3550.0294893636
3551.7287543636
3553.4299777273
3555.1284305455
3556.8293031818
3558.5296322727
3560.2284974545
3561.9291010000
3563.6295830000
3565.3303552727
3567.0305634545
3568.7332574545
3570.4363429091
3572.1357017273
3573.8341342727
3575.5360413636
3577.2365531818
3578.9376571818
3580.6384315455
3582.3384538182
3584.0381577273
3585.7371889091
3587.4369610909
3589.1385687273
3590.8376002727
3592.5392023636
3594.2401525455
3595.9413017273
3597.6422356364
3599.3420659091
3601.0403719091
3602.7420117273
3604.4419714545
3606.1426990909
3607.8424003636
3609.5418850000
3611.2458569091
3612.9427138182
3614.6470060000
3616.3473035455
3618.0480641818
3619.7490131818
3621.4501527273
3623.1515880000
3624.8511070909
3626.5509370909
3628.2515750000
3629.9536808182
3631.6555172727
3633.3575528182
3635.0574863636
3636.7566393636
3638.4568617273
3640.1593425455
3641.8592582727
3643.5584425455
3645.2601137273
3646.9595944545
3648.6597808182
3650.3612910909
3652.0631108182
3653.7650854545
3655.4631721818
3657.1624435455
3658.8618021818
3660.5632030000
3662.2645445455
3663.9644486364
3665.6637316364
3667.3629810000
3669.0614846364
3670.7635036364
3672.4621907273
3674.1623251818
3675.8649685455
3677.5637413636
3679.2659808182
3680.9656950909
3682.6656591818
3684.3663743636
3686.0668285455
3687.7673569091
3689.4663682727
3691.1657137273
3692.8662569091
3694.5649135455
3696.2659958182
3697.9649156364
3699.6664059091
3701.3661667273
3703.0633233636
3704.7652174545
3706.4653812727
3708.1653936364
3709.8638550000
3711.5655439091
3713.2648195455
3714.9645269091
3716.6622630909
3718.3634739091
3720.0634114545
3721.7635823636
3723.4658558182
3725.1671055455
3726.8674624545
3728.5700164545
3730.2710170909
3731.9709722727
3733.6720910000
3735.3721186364
3737.0721481818
3738.7740314545
3740.4736723636
3742.1740826364
3743.8752382727
3745.5751364545
3747.2759875455
3748.9756746364
3750.6750345455
3752.3750989091
3754.0796600909
3755.7791723636
3757.4786153636
3759.1787007273
3760.8796070000
3762.5811213636
3764.2804868182
3765.9812294545
3767.6814266364
3769.3800978182
3771.0803308182
3772.7811262727
3774.4819121818
3776.1824310909
3777.8830634545
3779.5804870909
3781.2810251818
3782.9808735455
3784.6796083636
3786.3789781818
3788.0806841818
3789.7824224545
3791.4797875455
3793.1822076364
3794.8814484545
3796.5819081818
3798.2816227273
3799.9804864545
3801.6796747273
3803.3797127273
3805.0813560909
3806.7790305455
3808.4785687273
3810.1778279091
3811.8785099091
3813.5784161818
3815.2780809091
3816.9759603636
3818.6729830000
3820.3733227273
3822.0721648182
3823.7739352727
3825.4718008182
3827.1719742727
3828.8704063636
3830.5703959091
3832.2696200000
3833.9704648182
3835.6711446364
3837.3713112727
3839.0693330909
3840.7712727273
3842.4713950000
3844.1700655455
3845.8702220909
3847.5683256364
3849.2678760909
3850.9663488182
3852.6674451818
3854.3656638182
3856.0653914545
3857.7670587273
3859.4684497273
3861.1673444545
3862.8697547273
3864.5686718182
3866.2684778182
3867.9696399091
3869.6697855455
3871.3701138182
3873.0712202727
3874.7688107273
3876.4687960909
3878.1694918182
3879.8710904545
3881.5721421818
3883.2719802727
3884.9729963636
3886.6747796364
3888.3759138182
3890.0766864545
3891.7754623636
3893.4749688182
3895.1771592727
3896.8770730000
3898.5781995455
3900.2779380000
3901.9778170909
3903.6802356364
3905.3792701818
3907.0797589091
3908.7826295455
3910.4828548182
3912.1815561818
3913.8820728182
3915.5833791818
3917.2816917273
3918.9836359091
3920.6869384545
3922.3877293636
3924.0885533636
3925.7886785455
3927.4914557273
3929.1918731818
3930.8921431818
3932.5932532727
3934.2930187273
3935.9925707273
3937.6925682727
3939.3946531818
3941.0963489091
3942.7956620909
3944.4945656364
3946.1954352727
3947.8980779091
3949.5997290909
3951.3024371818
3953.0053212727
3954.7069021818
3956.4058488182
3958.1061380000
3959.8063084545
3961.5086754545
3963.2075220000
3964.9091833636
3966.6126728182
3968.3134278182
3970.0153342727
3971.7182941818
3973.4203988182
3975.1213857273
3976.8245976364
3978.5285740909
3980.2296825455
3981.9297942727
3983.6316691818
3985.3347891818
3987.0380722727
3988.7407991818
3990.4442176364
3992.1436224545
3993.8468773636
3995.5475747273
3997.2492897273
3998.9502700909
4000.6526817273
4002.3555570000
4004.0584669091
4005.7595017273
4007.4616747273
4009.1645000909
4010.8647839091
4012.5686855455
4014.2695161818
4015.9714162727
4017.6742260909
4019.3769083636
4021.0779318182
4022.7810883636
4024.4831253636
4026.1855830000
4027.8890553636
4029.5911398182
4031.2930636364
4032.9929885455
4034.6969528182
4036.3983776364
4038.1028590000
4039.8070822727
4041.5122647273
4043.2153801818
4044.9181930000
4046.6213342727
4048.3229990000
4050.0265639091
4051.7300391818
4053.4326409091
4055.1348577273
4056.8379870909
4058.5421317273
4060.2455335455
4061.9452542727
4063.6487751818
4065.3519393636
4067.0541714545
4068.7571741818
4070.4581411818
4072.1606265455
4073.8632221818
4075.5671384545
4077.2706981818
4078.9723010909
4080.6732473636
4082.3764480000
4084.0809046364
4085.7823240000
4087.4836696364
4089.1891511818
4090.8924278182
4092.5966416364
4094.3008876364
4096.0036057273
4097.7076176364
4099.4133432727
4101.1139007273
4102.8183413636
4104.5227153636
4106.2250259091
4107.9314419091
4109.6343957273
4111.3355359091
4113.0387140000
4114.7440167273
4116.4473374545
4118.1519112727
4119.8555173636
4121.5589608182
4123.2615039091
4124.9645259091
4126.6661460909
4128.3682578182
4130.0703677273
4131.7739390909
4133.4765613636
4135.1782545455
4136.8811335455
4138.5842159091
4140.2882094545
4141.9887179091
4143.6947054545
4145.3968765455
4147.0986517273
4148.8016662727
4150.5055912727
4152.2088166364
4153.9117781818
4155.6132310000
4157.3175746364
4159.0205731818
4160.7227813636
4162.4279767273
4164.1326501818
4165.8336600000
4167.5378685455
4169.2420025455
4170.9461829091
4172.6493490909
4174.3539836364
4176.0593542727
4177.7637756364
4179.4647080000
4181.1716830000
4182.8769274545
4184.5824008182
4186.2857425455
4187.9894930000
4189.6932034545
4191.3969042727
4193.1021390000
4194.8080303636
4196.5124093636
4198.2184581818
4199.9206430000
4201.6247544545
4203.3292988182
4205.0329545455
4206.7365117273
4208.4410371818
4210.1474676364
4211.8505650000
4213.5555412727
4215.2602101818
4216.9634769091
4218.6682189091
4220.3737257273
4222.0805596364
4223.7835161818
4225.4874751818
4227.1916412727
4228.8963016364
4230.6020150909
4232.3060721818
4234.0120227273
4235.7173723636
4237.4239532727
4239.1295856364
4240.8358945455
4242.5394490000
4244.2456180000
4245.9504224545
4247.6576620000
4249.3623366364
4251.0698660000
4252.7733166364
4254.4807774545
4256.1880083636
4257.8936521818
4259.5996163636
4261.3056202727
4263.0112174545
4264.7184460000
4266.4248572727
4268.1288200909
4269.8365511818
4271.5417060909
4273.2443108182
4274.9517902727
4276.6584270000
4278.3657864545
4280.0715548182
4281.7763272727
4283.4817876364
4285.1861652727
4286.8924261818
4288.5999515455
4290.3065902727
4292.0147641818
4293.7204209091
4295.4245387273
4297.1304952727
4298.8384656364
4300.5450409091
4302.2542237273
4303.9618430909
4305.6663169091
4307.3721213636
4309.0798635455
4310.7865518182
4312.4932515455
4314.2019633636
4315.9065478182
4317.6125870909
4319.3190829091
4321.0261920000
4322.7331905455
4324.4445990000
4326.1515993636
4327.8571388182
4329.5647650909
4331.2710672727
4332.9787342727
4334.6857689091
4336.3930228182
4338.0995037273
4339.8064453636
4341.5123348182
4343.2222679091
4344.9280130000
4346.6360651818
4348.3438172727
4350.0500289091
4351.7566457273
4353.4662113636
4355.1751089091
4356.8840475455
4358.5921748182
4360.3019393636
4362.0122566364
4363.7198633636
4365.4295171818
4367.1372738182
4368.8447299091
4370.5535208182
4372.2628367273
4373.9693051818
4375.6767851818
4377.3853330909
4379.0948745455
4380.8039075455
4382.5115204545
4384.2183786364
4385.9283685455
4387.6365431818
4389.3445370000
4391.0535710909
4392.7637510000
4394.4724628182
4396.1814998182
4397.8903444545
4399.5981650909
4401.3074610909
4403.0175289091
4404.7272702727
4406.4374004545
4408.1469175455
4409.8562131818
4411.5655134545
4413.2758143636
4414.9833557273
4416.6920590909
4418.4019285455
4420.1132778182
4421.8229479091
4423.5334535455
4425.2415115455
4426.9491478182
4428.6592529091
4430.3701856364
4432.0801351818
4433.7895595455
4435.4995427273
4437.2076786364
4438.9180415455
4440.6275706364
4442.3367702727
4444.0450402727
4445.7533587273
4447.4651429091
4449.1742598182
4450.8829791818
4452.5917900909
4454.3022684545
4456.0119239091
4457.7232671818
4459.4346704545
4461.1458323636
4462.8533450000
4464.5630732727
4466.2742090000
4467.9821013636
4469.6930551818
4471.4032781818
4473.1125849091
4474.8239360909
4476.5362414545
4478.2469736364
4479.9568885455
4481.6684599091
4483.3780553636
4485.0874707273
4486.7978679091
4488.5097963636
4490.2188945455
4491.9312059091
4493.6393832727
4495.3509660909
4497.0620288182
4498.7740819091
4500.4816787273
4502.1912605455
4503.9003067273
4505.6119987273
4507.3241820909
4509.0334003636
4510.7473032727
4512.4581557273
4514.1676495455
4515.8786820000
4517.5899074545
4519.3021190909
4521.0130807273
4522.7232541818
4524.4352135455
4526.1477703636
4527.8579622727
4529.5696014545
4531.2807258182
4532.9925053636
4534.7035416364
4536.4150453636
4538.1269545455
4539.8378158182
4541.5515933636
4543.2630782727
4544.9770720909
4546.6883284545
4548.3999668182
4550.1118340909
4551.8236602727
4553.5362220000
4555.2489332727
4556.9604040000
4558.6725950909
4560.3850165455
4562.0953549091
4563.8074269091
4565.5170992727
4567.2278533636
4568.9432173636
4570.6531896364
4572.3669213636
4574.0778500909
4575.7911650000
4577.5037508182
4579.2161306364
4580.9289745455
4582.6415734545
4584.3526880909
4586.0641161818
4587.7776836364
4589.4880532727
4591.2009822727
4592.9143705455
4594.6261900000
4596.3371603636
4598.0489050000
4599.7595100000
4601.4725142727
4603.1837080909
4604.8996051818
4606.6114089091
4608.3221790909
4610.0359452727
4611.7502435455
4613.4636846364
4615.1752162727
4616.8873145455
4618.6002774545
4620.3156318182
4622.0308430000
4623.7432130000
4625.4552963636
4627.1672438182
4628.8787693636
4630.5930199091
4632.3046772727
4634.0193169091
4635.7308737273
4637.4457653636
4639.1581183636
4640.8732685455
4642.5885719091
4644.3038232727
4646.0192221818
4647.7343607273
4649.4465775455
4651.1589342727
4652.8734431818
4654.5870505455
4656.3024883636
4658.0125280909
4659.7255093636
4661.4388080909
4663.1536180909
4664.8675422727
4666.5791116364
4668.2952104545
4670.0108760000
4671.7244959091
4673.4392688182
4675.1525750000
4676.8644824545
4678.5800101818
4680.2946424545
4682.0082044545
4683.7229396364
4685.4372906364
4687.1526547273
4688.8657611818
4690.5811794545
4692.2947958182
4694.0086386364
4695.7212310000
4697.4341771818
4699.1489210000
4700.8611358182
4702.5749303636
4704.2873709091
4706.0011166364
4707.7159414545
4709.4317018182
4711.1498789091
4712.8634982727
4714.5776469091
4716.2920586364
4718.0051220000
4719.7205795455
4721.4356237273
4723.1509091818
4724.8663973636
4726.5822486364
4728.2970107273
4730.0085190000
4731.7251058182
4733.4418730909
4735.1558340909
4736.8699251818
4738.5860501818
4740.2999832727
4742.0147564545
4743.7298237273
4745.4448613636
4747.1610515455
4748.8755411818
4750.5914179091
4752.3089441818
4754.0240001818
4755.7376303636
4757.4519814545
4759.1661015455
4760.8829644545
4762.5987663636
4764.3108866364
4766.0227052727
4767.7373180000
4769.4507517273
4771.1653970909
4772.8793290909
4774.5964327273
4776.3068506364
4778.0202479091
4779.7335266364
4781.4492053636
4783.1651580909
4784.8794021818
4786.5938250000
4788.3090694545
4790.0242109091
4791.7383845455
4793.4522907273
4795.1673806364
4796.8823464545
4798.5974382727
4800.3121075455
4802.0261188182
4803.7396971818
4805.4541671818
4807.1672047273
4808.8826468182
4810.6003149091
4812.3136360909
4814.0286535455
4815.7435850909
4817.4605689091
4819.1743666364
4820.8884098182
4822.6043571818
4824.3191633636
4826.0339740000
4827.7499549091
4829.4646257273
4831.1788394545
4832.8946272727
4834.6111641818
4836.3248095455
4838.0392122727
4839.7543125455
4841.4694077273
4843.1857795455
4844.9019897273
4846.6177566364
4848.3327740909
4850.0471408182
4851.7612276364
4853.4761481818
4855.1915007273
4856.9081506364
4858.6243495455
4860.3387808182
4862.0551583636
4863.7715437273
4865.4865174545
4867.2011997273
4868.9189184545
4870.6344751818
4872.3488893636
4874.0641937273
4875.7789761818
4877.4926389091
4879.2092904545
4880.9252955455
4882.6406038182
4884.3558855455
4886.0714124545
4887.7877880909
4889.5045728182
4891.2226702727
4892.9376200000
4894.6539807273
4896.3718060000
4898.0881746364
4899.8050948182
4901.5214280909
4903.2373096364
4904.9556298182
4906.6728437273
4908.3882770000
4910.1035625455
4911.8195236364
4913.5348135455
4915.2504551818
4916.9677548182
4918.6846454545
4920.3985155455
4922.1151590000
4923.8311176364
4925.5488265455
4927.2657302727
4928.9836047273
4930.6991676364
4932.4155713636
4934.1324860909
4935.8484640000
4937.5647138182
4939.2806442727
4940.9971102727
4942.7156048182
4944.4312062727
4946.1489752727
4947.8654353636
4949.5813317273
4951.2996994545
4953.0166555455
4954.7355553636
4956.4521961818
4958.1689552727
4959.8861957273
4961.6001983636
4963.3182198182
4965.0370083636
4966.7538628182
4968.4706531818
4970.1862588182
4971.9050685455
4973.6209524545
4975.3359489091
4977.0545457273
4978.7698495455
4980.4857487273
4982.2018821818
4983.9195261818
4985.6361992727
4987.3538242727
4989.0730823636
4990.7904736364
4992.5093243636
4994.2287759091
4995.9435078182
4997.6625376364
4999.3781983636
5001.0941926364
5002.8134789091
5004.5301747273
5006.2512048182
5007.9696076364
5009.6872911818
5011.4070732727
5013.1261840909
5014.8450016364
5016.5624800000
5018.2807600000
5019.9977604545
5021.7161903636
5023.4346490000
5025.1498189091
5026.8668489091
5028.5879725455
5030.3068114545
5032.0271307273
5033.7437400909
5035.4621332727
5037.1791138182
5038.8980528182
5040.6144596364
5042.3325353636
5044.0506680909
5045.7707330000
5047.4884693636
5049.2072071818
5050.9233290000
5052.6441935455
5054.3630970909
5056.0808415455
5057.8006800909
5059.5193279091
5061.2376275455
5062.9544992727
5064.6716653636
5066.3922245455
5068.1117211818
5069.8304066364
5071.5514796364
5073.2695244545
5074.9879773636
5076.7068713636
5078.4239401818
5080.1433151818
5081.8592860000
5083.5785004545
5085.3003018182
5087.0169323636
5088.7348546364
5090.4537880909
5092.1721570000
5093.8900001818
5095.6081993636
5097.3265456364
5099.0459825455
5100.7642257273
5102.4839471818
5104.2013333636
5105.9189590000
5107.6391013636
5109.3592867273
5111.0775305455
5112.7965549091
5114.5158987273
5116.2355372727
5117.9539559091
5119.6738456364
5121.3933346364
5123.1122541818
5124.8319664545
5126.5498606364
5128.2703539091
5129.9891957273
5131.7082743636
5133.4276620000
5135.1474895455
5136.8673934545
5138.5869996364
5140.3075112727
5142.0266324545
5143.7475618182
5145.4650237273
5147.1861133636
5148.9060381818
5150.6261195455
5152.3461742727
5154.0651716364
5155.7839688182
5157.5050101818
5159.2249935455
5160.9464379091
5162.6670606364
5164.3865968182
5166.1058870909
5167.8267589091
5169.5474561818
5171.2676786364
5172.9884046364
5174.7097233636
5176.4300080909
5178.1503300000
5179.8693006364
5181.5920702727
5183.3107352727
5185.0322868182
5186.7541259091
5188.4738134545
5190.1938851818
5191.9143051818
5193.6338159091
5195.3552188182
5197.0782542727
5198.7997172727
5200.5192823636
5202.2415779091
5203.9620806364
5205.6822314545
5207.4042110909
5209.1243635455
5210.8435176364
5212.5666380909
5214.2884904545
5216.0093095455
5217.7309180909
5219.4543415455
5221.1749868182
5222.8941144545
5224.6169495455
5226.3362457273
5228.0592037273
5229.7801655455
5231.5016171818
5233.2237998182
5234.9465879091
5236.6677841818
5238.3886989091
5240.1095391818
5241.8327542727
5243.5538003636
5245.2752170000
5246.9957822727
5248.7179146364
5250.4401570000
5252.1620520000
5253.8853028182
5255.6076512727
5257.3288752727
5259.0514905455
5260.7722247273
5262.4947530909
5264.2189490909
5265.9398576364
5267.6629229091
5269.3861510909
5271.1074883636
5272.8301460909
5274.5515956364
5276.2752900909
5277.9984593636
5279.7186838182
5281.4456451818
5283.1683578182
5284.8927744545
5286.6148885455
5288.3380540909
5290.0624640909
5291.7850654545
5293.5101578182
5295.2333357273
5296.9557707273
5298.6784072727
5300.4037728182
5302.1282147273
5303.8506540909
5305.5741723636
5307.2985116364
5309.0223920909
5310.7462770909
5312.4692821818
5314.1946400909
5315.9195988182
5317.6417087273
5319.3659999091
5321.0915515455
5322.8166016364
5324.5446701818
5326.2680359091
5327.9921873636
5329.7173861818
5331.4420692727
5333.1671197273
5334.8901721818
5336.6138250909
5338.3385142727
5340.0611986364
5341.7871284545
5343.5126398182
5345.2373100000
5346.9621278182
5348.6871667273
5350.4128740000
5352.1382042727
5353.8629792727
5355.5880231818
5357.3152850000
5359.0389874545
5360.7662227273
5362.4897380909
5364.2150185455
5365.9382444545
5367.6639776364
5369.3904086364
5371.1140343636
5372.8398099091
5374.5639288182
5376.2869690909
5378.0122728182
5379.7361687273
5381.4607904545
5383.1886393636
5384.9127148182
5386.6399053636
5388.3680653636
5390.0967166364
5391.8228322727
5393.5473703636
5395.2711497273
5396.9980438182
5398.7230345455
5400.4490602727
5402.1784482727
5403.9046510909
5405.6306520909
5407.3553132727
5409.0810780000
5410.8071186364
5412.5318490000
5414.2593883636
5415.9851858182
5417.7123687273
5419.4386520909
5421.1671346364
5422.8916780909
5424.6172574545
5426.3420815455
5428.0695280909
5429.7969471818
5431.5223684545
5433.2500289091
5434.9764281818
5436.7017223636
5438.4286472727
5440.1574453636
5441.8846865455
5443.6125554545
5445.3381931818
5447.0664708182
5448.7911396364
5450.5191140000
5452.2461782727
5453.9727801818
5455.7019109091
5457.4286726364
5459.1560063636
5460.8837862727
5462.6111532727
5464.3366660909
5466.0631589091
5467.7916605455
5469.5174162727
5471.2447600000
5472.9714821818
5474.6983160000
5476.4265484545
5478.1540264545
5479.8803363636
5481.6077724545
5483.3344345455
5485.0618460000
5486.7905546364
5488.5172432727
5490.2449320909
5491.9708186364
5493.6985280909
5495.4257290000
5497.1513950000
5498.8799550909
5500.6058881818
5502.3335018182
5504.0609354545
5505.7865529091
5507.5124360000
5509.2407092727
5510.9658027273
5512.6951038182
5514.4254522727
5516.1538190909
5517.8802807273
5519.6076410000
5521.3326101818
5523.0618167273
5524.7903045455
5526.5161680909
5528.2454819091
5529.9721532727
5531.7003266364
5533.4249082727
5535.1513265455
5536.8776719091
5538.6042656364
5540.3304103636
5542.0557592727
5543.7846035455
5545.5103044545
5547.2371660000
5548.9630573636
5550.6887149091
5552.4149842727
5554.1414130000
5555.8664928182
5557.5922118182
5559.3171437273
5561.0430614545
5562.7697549091
5564.4945404545
5566.2212179091
5567.9447647273
5569.6713064545
5571.3970981818
5573.1224120909
5574.8470842727
5576.5719125455
5578.2974736364
5580.0237350000
5581.7511725455
5583.4753417273
5585.2005224545
5586.9253954545
5588.6505473636
5590.3762231818
5592.0998260000
5593.8248475455
5595.5504910000
5597.2744894545
5599.0008505455
5600.7270793636
5602.4502033636
5604.1734414545
5605.8986155455
5607.6241170000
5609.3482296364
5611.0741798182
5612.7986843636
5614.5236342727
5616.2483102727
5617.9744473636
5619.6970467273
5621.4207600000
5623.1461810000
5624.8687626364
5626.5942506364
5628.3151643636
5630.0392805455
5631.7612296364
5633.4820605455
5635.2062113636
5636.9301785455
5638.6522903636
5640.3756394545
5642.0992174545
5643.8211506364
5645.5438247273
5647.2652726364
5648.9882187273
5650.7106014545
5652.4331167273
5654.1543775455
5655.8753710000
5657.5962664545
5659.3161430000
5661.0394174545
5662.7595691818
5664.4828865455
5666.2048217273
5667.9270636364
5669.6491705455
5671.3720184545
5673.0932356364
5674.8151888182
5676.5359430000
5678.2580929091
5679.9793682727
5681.7013390000
5683.4217278182
5685.1412314545
5686.8585064545
5688.5775505455
5690.2972295455
5692.0183989091
5693.7397863636
5695.4594960000
5697.1808849091
5698.9009580909
5700.6205078182
5702.3399905455
5704.0588456364
5705.7796415455
5707.4996450000
5709.2179551818
5710.9421190909
5712.6637193636
5714.3814840909
5716.1003781818
5717.8194465455
5719.5392069091
5721.2586047273
5722.9753013636
5724.6967419091
5726.4141887273
5728.1328415455
5729.8522799091
5731.5737618182
5733.2922150000
5735.0090572727
5736.7282252727
5738.4461055455
5740.1636248182
5741.8792190909
5743.5956326364
5745.3136393636
5747.0281365455
5748.7458823636
5750.4640227273
5752.1816553636
5753.8980270000
5755.6132841818
5757.3296817273
5759.0448853636
5760.7620144545
5762.4777846364
5764.1921805455
5765.9122339091
5767.6281787273
5769.3438144545
5771.0615848182
5772.7770893636
5774.4935784545
5776.2082857273
5777.9227983636
5779.6379744545
5781.3508986364
5783.0661605455
5784.7817907273
5786.4956048182
5788.2094383636
5789.9245432727
5791.6376723636
5793.3500056364
5795.0624002727
5796.7780495455
5798.4910931818
5800.2038362727
5801.9172351818
5803.6285526364
5805.3426383636
5807.0532307273
5808.7656401818
5810.4774831818
5812.1893980909
5813.8990724545
5815.6126159091
5817.3248281818
5819.0340313636
5820.7457712727
5822.4579511818
5824.1674609091
5825.8774263636
5827.5868362727
5829.2969676364
5831.0076567273
5832.7189731818
5834.4285864545
5836.1381138182
5837.8447873636
5839.5550912727
5841.2626683636
5842.9706450909
5844.6775377273
5846.3861976364
5848.0943330909
5849.8019839091
5851.5119401818
5853.2210814545
5854.9280094545
5856.6348750909
5858.3427697273
5860.0482500000
5861.7571373636
5863.4627303636
5865.1699894545
5866.8781549091
5868.5850270909
5870.2902883636
5871.9972910000
5873.7030802727
5875.4095741818
5877.1143143636
5878.8196568182
5880.5255785455
5882.2303431818
5883.9362115455
5885.6412922727
5887.3465920909
5889.0493680909
5890.7539813636
5892.4595570909
5894.1648781818
5895.8660929091
5897.5677073636
5899.2704889091
5900.9771319091
5902.6816518182
5904.3840422727
5906.0889490000
5907.7907108182
5909.4926094545
5911.1954766364
5912.8994740909
5914.5989874545
5916.2991302727
5918.0004700000
5919.7031140909
5921.4043455455
5923.1041337273
5924.8028532727
5926.5045469091
5928.2012421818
5929.8996425455
5931.5979829091
5933.2969627273
5934.9945902727
5936.6927083636
5938.3900285455
5940.0866910909
5941.7873980909
5943.4853513636
5945.1808850909
5946.8797546364
5948.5787205455
5950.2753218182
5951.9706121818
5953.6673629091
5955.3634251818
5957.0598690000
5958.7562320000
5960.4506472727
5962.1453370000
5963.8425413636
5965.5362766364
5967.2321151818
5968.9276775455
5970.6220724545
5972.3153415455
5974.0083380909
5975.7026369091
5977.3949270000
5979.0869781818
5980.7822571818
5982.4735665455
5984.1683839091
5985.8589339091
5987.5499714545
5989.2402079091
5990.9293600909
5992.6195837273
5994.3124100909
5996.0033935455
5997.6921529091
5999.3830023636
6001.0719551818
6002.7616571818
6004.4534440909
6006.1436045455
6007.8337927273
6009.5230648182
6011.2116407273
6012.9021696364
6014.5891810000
6016.2770283636
6017.9651674545
6019.6515589091
6021.3399511818
6023.0252715455
6024.7101679091
6026.3958960909
6028.0834750000
6029.7712482727
6031.4568667273
6033.1406616364
6034.8259126364
6036.5116579091
6038.1966416364
6039.8817540000
6041.5645412727
6043.2466464545
6044.9313065455
6046.6138692727
6048.2963988182
6049.9777544545
6051.6603508182
6053.3403853636
6055.0215249091
6056.7026171818
6058.3830708182
6060.0636836364
6061.7418677273
6063.4213964545
6065.0993314545
6066.7784790909
6068.4571684545
6070.1351350909
6071.8115145455
6073.4879850909
6075.1664290909
6076.8462479091
6078.5233137273
6080.1992872727
6081.8770819091
6083.5542121818
6085.2309139091
6086.9058796364
6088.5800488182
6090.2544440909
6091.9297131818
6093.6041071818
6095.2784874545
6096.9535216364
6098.6266893636
6100.3003525455
6101.9744095455
6103.6478540909
6105.3229772727
6106.9963429091
6108.6670283636
6110.3391353636
6112.0127645455
6113.6845666364
6115.3559935455
6117.0261295455
6118.6954549091
6120.3667293636
6122.0386150000
6123.7069673636
6125.3775224545
6127.0461214545
6128.7127868182
6130.3815561818
6132.0504194545
6133.7162622727
6135.3845963636
6137.0541031818
6138.7220558182
6140.3876758182
6142.0545750000
6143.7209290000
6145.3879396364
6147.0524748182
6148.7175971818
6150.3800233636
6152.0447458182
6153.7089260000
6155.3744293636
6157.0382137273
6158.6985557273
6160.3629043636
6162.0265357273
6163.6886973636
6165.3539599091
6167.0149232727
6168.6760117273
6170.3393910000
6171.9975424545
6173.6569522727
6175.3184753636
6176.9773506364
6178.6348841818
6180.2947488182
6181.9570800909
6183.6162380000
6185.2723025455
6186.9291770909
6188.5869019091
6190.2432866364
6191.9008835455
6193.5567084545
6195.2135973636
6196.8682480000
6198.5215560000
6200.1758570000
6201.8299958182
6203.4858554545
6205.1392992727
6206.7920030000
6208.4453422727
6210.0957870000
6211.7488269091
6213.4023181818
6215.0542643636
6216.7047714545
6218.3538048182
6220.0040700909
6221.6545113636
6223.3044280909
6224.9531886364
6226.6023254545
6228.2513589091
6229.8991964545
6231.5491747273
6233.1983103636
6234.8458060909
6236.4932691818
6238.1418187273
6239.7885940909
6241.4338232727
6243.0790960000
6244.7238803636
6246.3674204545
6248.0107409091
6249.6540368182
6251.2987740000
6252.9432776364
6254.5859227273
6256.2281792727
6257.8694478182
6259.5110063636
6261.1534936364
6262.7932837273
6264.4338325455
6266.0742225455
6267.7154983636
6269.3549131818
6270.9950231818
6272.6345921818
6274.2716083636
6275.9080785455
6277.5450628182
6279.1833480000
6280.8214475455
6282.4568300000
6284.0930530909
6285.7319348182
6287.3678718182
6289.0026209091
6290.6386821818
6292.2714680909
6293.9036961818
6295.5338485455
6297.1687471818
6298.8021610000
6300.4360909091
6302.0685501818
6303.6993217273
6305.3291692727
6306.9595410000
6308.5869066364
6310.2172889091
6311.8469449091
6313.4752995455
6315.1035084545
6316.7328021818
6318.3599639091
6319.9879806364
6321.6154845455
6323.2406702727
6324.8674714545
6326.4919126364
6328.1175368182
6329.7429367273
6331.3668897273
6332.9903957273
6334.6138860000
6336.2367736364
6337.8607575455
6339.4829434545
6341.1052505455
6342.7263463636
6344.3480903636
6345.9703211818
6347.5901721818
6349.2072854545
6350.8255977273
6352.4429070000
6354.0615344545
6355.6775489091
6357.2954052727
6358.9121209091
6360.5265883636
6362.1427059091
6363.7583097273
6365.3741552727
6366.9886265455
6368.6018630000
6370.2140000909
6371.8271531818
6373.4412797273
6375.0543823636
6376.6673732727
6378.2779658182
6379.8871829091
6381.4963765455
6383.1046333636
6384.7153781818
6386.3269716364
6387.9370618182
6389.5427630909
6391.1505980000
6392.7569276364
6394.3644296364
6395.9710076364
6397.5762676364
6399.1824940909
6400.7860981818
6402.3911938182
6403.9947365455
6405.5995493636
6407.2039140909
6408.8050706364
6410.4077964545
6412.0074315455
6413.6067783636
6415.2078095455
6416.8070849091
6418.4079277273
6420.0084864545
6421.6068989091
6423.2052360909
6424.8027334545
6426.4019995455
6427.9978208182
6429.5933779091
6431.1879905455
6432.7836102727
6434.3787858182
6435.9741174545
6437.5678564545
6439.1601600000
6440.7523262727
6442.3454015455
6443.9361924545
6445.5276668182
6447.1202366364
6448.7090930000
6450.2995841818
6451.8882580000
6453.4759044545
6455.0634462727
6456.6523070909
6458.2411241818
6459.8263720000
6461.4126875455
6462.9963483636
6464.5814864545
6466.1645510000
6467.7477288182
6469.3323983636
6470.9151857273
6472.4984500909
6474.0798306364
6475.6599431818
6477.2412871818
6478.8226425455
6480.4011411818
6481.9809470909
6483.5587212727
6485.1398263636
6486.7161670000
6488.2947302727
6489.8697489091
6491.4466960000
6493.0233040000
6494.5980961818
6496.1713948182
6497.7465396364
6499.3193806364
6500.8938060909
6502.4656471818
6504.0381245455
6505.6088226364
6507.1806612727
6508.7517040909
6510.3246100909
6511.8944404545
6513.4643619091
6515.0327056364
6516.6030157273
6518.1722339091
6519.7382015455
6521.3076187273
6522.8743121818
6524.4405690000
6526.0061485455
6527.5686713636
6529.1315813636
6530.6948729091
6532.2560543636
6533.8176141818
6535.3782987273
6536.9394826364
6538.5001753636
6540.0603671818
6541.6187847273
6543.1758130000
6544.7323841818
6546.2902007273
6547.8474004545
6549.4043139091
6550.9590467273
6552.5144250000
6554.0691442727
6555.6244369091
6557.1782141818
6558.7300671818
6560.2810953636
6561.8334925455
6563.3820726364
6564.9332730000
6566.4830948182
6568.0332440000
6569.5809801818
6571.1278157273
6572.6739798182
6574.2204800000
6575.7674137273
6577.3133184545
6578.8593981818
6580.4024453636
6581.9453161818
6583.4889345455
6585.0328997273
6586.5758675455
6588.1177381818
6589.6580990909
6591.1977185455
6592.7370857273
6594.2754733636
6595.8135433636
6597.3510096364
6598.8880064545
6600.4238102727
6601.9583382727
6603.4916520000
6605.0245020000
6606.5581001818
6608.0923992727
6609.6240349091
6611.1563640000
6612.6897816364
6614.2200402727
6615.7494248182
6617.2778742727
6618.8066250909
6620.3340927273
6621.8608737273
6623.3867087273
6624.9094262727
6626.4348682727
6627.9601077273
6629.4826163636
6631.0063534545
6632.5286473636
6634.0519195455
6635.5743217273
6637.0937872727
6638.6151121818
6640.1346453636
6641.6528116364
6643.1721986364
6644.6901691818
6646.2074047273
6647.7239710000
6649.2399930909
6650.7549767273
6652.2689565455
6653.7838590909
6655.2950636364
6656.8069869091
6658.3186822727
6659.8295850000
6661.3387944545
6662.8491911818
6664.3586057273
6665.8664239091
6667.3750783636
6668.8836786364
6670.3897848182
6671.8943514545
6673.3986778182
6674.9025937273
6676.4058407273
6677.9076921818
6679.4087840000
6680.9090209091
6682.4098854545
6683.9105019091
6685.4106441818
6686.9104814545
6688.4090201818
6689.9071302727
6691.4031191818
6692.8992132727
6694.3945632727
6695.8877965455
6697.3806486364
6698.8721121818
6700.3647623636
6701.8564910909
6703.3487018182
6704.8384427273
6706.3282811818
6707.8168825455
6709.3046018182
6710.7892830000
6712.2770423636
6713.7638859091
6715.2488495455
6716.7328564545
6718.2166040000
6719.6987727273
6721.1809148182
6722.6648426364
6724.1449562727
6725.6270437273
6727.1056048182
6728.5840837273
6730.0611714545
6731.5381258182
6733.0119765455
6734.4868118182
6735.9619412727
6737.4361623636
6738.9085200909
6740.3831642727
6741.8546842727
6743.3269151818
6744.7964850909
6746.2665578182
6747.7361311818
6749.2050915455
6750.6695465455
6752.1359189091
6753.6022750909
6755.0665791818
6756.5299692727
6757.9928545455
6759.4556575455
6760.9184202727
6762.3801959091
6763.8410176364
6765.3007568182
6766.7603260000
6768.2205572727
6769.6765442727
6771.1344106364
6772.5894054545
6774.0434237273
6775.4978019091
6776.9518696364
6778.4016542727
6779.8548446364
6781.3050891818
6782.7552152727
6784.2047964545
6785.6529642727
6787.1001265455
6788.5476377273
6789.9930566364
6791.4371740909
6792.8819706364
6794.3267104545
6795.7710426364
6797.2120799091
6798.6540089091
6800.0942964545
6801.5339387273
6802.9718738182
6804.4097852727
6805.8462766364
6807.2819427273
6808.7166864545
6810.1518071818
6811.5862410000
6813.0181918182
6814.4518585455
6815.8832680000
6817.3135764545
6818.7442000909
6820.1726035455
6821.6011599091
6823.0278126364
6824.4525210000
6825.8768961818
6827.3019779091
6828.7272500909
6830.1501691818
6831.5727075455
6832.9950620000
6834.4156851818
6835.8353945455
6837.2546809091
6838.6715237273
6840.0901573636
6841.5082194545
6842.9250500000
6844.3381103636
6845.7513908182
6847.1642326364
6848.5762534545
6849.9856040000
6851.3967507273
6852.8070185455
6854.2149730000
6855.6219695455
6857.0285827273
6858.4331630909
6859.8393837273
6861.2451152727
6862.6495767273
6864.0529754545
6865.4549325455
6866.8528893636
6868.2510347273
6869.6509420000
6871.0485561818
6872.4436547273
6873.8391481818
6875.2338769091
6876.6282454545
6878.0192650909
6879.4114561818
6880.8016110000
6882.1913426364
6883.5819052727
6884.9699046364
6886.3586594545
6887.7454694545
6889.1296601818
6890.5167701818
6891.8995840000
6893.2836245455
6894.6668060909
6896.0465416364
6897.4281533636
6898.8066661818
6900.1862348182
6901.5660594545
6902.9419901818
6904.3178985455
6905.6930627273
6907.0673180909
6908.4405364545
6909.8119268182
6911.1842413636
6912.5549750000
6913.9250451818
6915.2933387273
6916.6609490909
6918.0263857273
6919.3934395455
6920.7578254545
6922.1206642727
6923.4830937273
6924.8435459091
6926.2047914545
6927.5647465455
6928.9227351818
6930.2797686364
6931.6365983636
6932.9922068182
6934.3457761818
6935.6996733636
6937.0532647273
6938.4049920909
6939.7550815455
6941.1047443636
6942.4544248182
6943.8014803636
6945.1480130000
6946.4937831818
6947.8388546364
6949.1812238182
6950.5251185455
6951.8676400909
6953.2077573636
6954.5474753636
6955.8884901818
6957.2261863636
6958.5625429091
6959.8981678182
6961.2314565455
6962.5636460000
6963.8959413636
6965.2278690000
6966.5571956364
6967.8875170909
6969.2145056364
6970.5408741818
6971.8693505455
6973.1955424545
6974.5207480909
6975.8441492727
6977.1660611818
6978.4874160000
6979.8077912727
6981.1270894545
6982.4435249091
6983.7604655455
6985.0777919091
6986.3921277273
6987.7082287273
6989.0198270000
6990.3313177273
6991.6410725455
6992.9504581818
6994.2601124545
6995.5660864545
6996.8732430909
6998.1805810909
6999.4847488182
7000.7874786364
7002.0893900000
7003.3912691818
7004.6923407273
7005.9907488182
7007.2883809091
7008.5857250000
7009.8815965455
7011.1764607273
7012.4677136364
7013.7594750000
7015.0512214545
7016.3437121818
7017.6324972727
7018.9226670909
7020.2102813636
7021.4971596364
7022.7812165455
7024.0655754545
7025.3494457273
7026.6300401818
7027.9106017273
7029.1889126364
7030.4683208182
7031.7462758182
7033.0208040000
7034.2957370909
7035.5687206364
7036.8388075455
7038.1106710000
7039.3828283636
7040.6510239091
7041.9196872727
7043.1858008182
7044.4527191818
7045.7162973636
7046.9822935455
7048.2467920000
7049.5055435455
7050.7656453636
7052.0247285455
7053.2829774545
7054.5388607273
7055.7945596364
7057.0468821818
7058.3000000909
7059.5512596364
7060.8026577273
7062.0514509091
7063.2965986364
7064.5447552727
7065.7910019091
7067.0352175455
7068.2775950000
7069.5188930909
7070.7613572727
7072.0004053636
7073.2405857273
7074.4774457273
7075.7139091818
7076.9489276364
7078.1802620909
7079.4119154545
7080.6427473636
7081.8732321818
7083.1030392727
7084.3306696364
7085.5575600000
7086.7827442727
7088.0062600909
7089.2317271818
7090.4526706364
7091.6724563636
7092.8918942727
7094.1102243636
7095.3249930000
7096.5403891818
7097.7562777273
7098.9687756364
7100.1794399091
7101.3903704545
7102.5986187273
7103.8059134545
7105.0122039091
7106.2158148182
7107.4197105455
7108.6217420000
7109.8225202727
7111.0242341818
7112.2230864545
7113.4208769091
7114.6171857273
7115.8123446364
7117.0056966364
7118.1978261818
7119.3897018182
7120.5795170000
7121.7688606364
7122.9560110909
7124.1411929091
7125.3265342727
7126.5103815455
7127.6926499091
7128.8732318182
7130.0531249091
7131.2317993636
7132.4073068182
7133.5822364545
7134.7552295455
7135.9288190000
7137.0994681818
7138.2684971818
7139.4361986364
7140.6036210000
7141.7694976364
7142.9339624545
7144.0970634545
7145.2603009091
7146.4228346364
7147.5832260909
7148.7403380909
7149.8981545455
7151.0536452727
7152.2071421818
7153.3590255455
7154.5091937273
7155.6583244545
7156.8079044545
7157.9546066364
7159.1001539091
7160.2427007273
7161.3863417273
7162.5287501818
7163.6687740000
7164.8083602727
7165.9467060909
7167.0830563636
7168.2157880000
7169.3487279091
7170.4805421818
7171.6104430909
7172.7404331818
7173.8682175455
7174.9939244545
7176.1194267273
7177.2413699091
7178.3634881818
7179.4851162727
7180.6033224545
7181.7218476364
7182.8380205455
7183.9515312727
7185.0654105455
7186.1777770000
7187.2886105455
7188.3983128182
7189.5066358182
7190.6145675455
7191.7193886364
7192.8228918182
7193.9237510909
7195.0251899091
7196.1228000000
7197.2206911818
7198.3162477273
7199.4105228182
7200.5051691818
7201.5981546364
7202.6884916364
7203.7755789091
7204.8642866364
7205.9511078182
7207.0349707273
7208.1170790909
7209.1996680909
7210.2805230909
7211.3583652727
7212.4368686364
7213.5114933636
7214.5865021818
7215.6577935455
7216.7291598182
7217.7985514545
7218.8662523636
7219.9337625455
7220.9995564545
7222.0625980000
7223.1246901818
7224.1854940909
7225.2430770909
7226.2997194545
7227.3553648182
7228.4103044545
7229.4633090000
7230.5147880000
7231.5653851818
7232.6142345455
7233.6611632727
7234.7042957273
7235.7461527273
7236.7865769091
7237.8264589091
7238.8645322727
7239.9024589091
7240.9388983636
7241.9735124545
7243.0057186364
7244.0350820909
7245.0658114545
7246.0925720000
7247.1201164545
7248.1448684545
7249.1684845455
7250.1889720000
7251.2090295455
7252.2270470909
7253.2442976364
7254.2588404545
7255.2730372727
7256.2828703636
7257.2921793636
7258.3010294545
7259.3075879091
7260.3108254545
7261.3159338182
7262.3162506364
7263.3160529091
7264.3133690909
7265.3104653636
7266.3054357273
7267.2960414545
7268.2875395455
7269.2784723636
7270.2668048182
7271.2534498182
7272.2383674545
7273.2210513636
7274.2035466364
7275.1832253636
7276.1609730000
7277.1374060909
7278.1134994545
7279.0866057273
7280.0580075455
7281.0286873636
7281.9961254545
7282.9623437273
7283.9277920909
7284.8916923636
7285.8533972727
7286.8125798182
7287.7708068182
7288.7263920000
7289.6801273636
7290.6338797273
7291.5839780909
7292.5313537273
7293.4777525455
7294.4241437273
7295.3685917273
7296.3093985455
7297.2492356364
7298.1881147273
7299.1269784545
7300.0596900909
7300.9928610909
7301.9253755455
7302.8545393636
7303.7830151818
7304.7091934545
7305.6336476364
7306.5547926364
7307.4756464545
7308.3939469091
7309.3108356364
7310.2254390909
7311.1389514545
7312.0509325455
7312.9603390909
7313.8688863636
7314.7726890909
7315.6775953636
7316.5807587273
7317.4823434545
7318.3812056364
7319.2783500909
7320.1733765455
7321.0656958182
7321.9577166364
7322.8475208182
7323.7347051818
7324.6201990909
7325.5026110909
7326.3831346364
7327.2638744545
7328.1428010000
7329.0185540000
7329.8947113636
7330.7669145455
7331.6367560000
7332.5055149091
7333.3724087273
7334.2382290909
7335.1020137273
7335.9641929091
7336.8230168182
7337.6806499091
7338.5345095455
7339.3887247273
7340.2414053636
7341.0913365455
7341.9412771818
7342.7894115455
7343.6327753636
7344.4756172727
7345.3128284545
7346.1516032727
7346.9893910000
7347.8247561818
7348.6574734545
7349.4891267273
7350.3170032727
7351.1439590000
7351.9695756364
7352.7911345455
7353.6130219091
7354.4294070000
7355.2457784545
7356.0595781818
7356.8702535455
7357.6808839091
7358.4883213636
7359.2932710909
7360.0976157273
7360.8995846364
7361.6991281818
7362.4972950000
7363.2937871818
7364.0875762727
7364.8795691818
7365.6702440909
7366.4568696364
7367.2437405455
7368.0273116364
7368.8084149091
7369.5889194545
7370.3664291818
7371.1412656364
7371.9144298182
7372.6856457273
7373.4544640909
7374.2223359091
7374.9850342727
7375.7467085455
7376.5082292727
7377.2672551818
7378.0230731818
7378.7775375455
7379.5298749091
7380.2799960909
7381.0290490909
7381.7718953636
7382.5160586364
7383.2588508182
7383.9979040909
7384.7358028182
7385.4707429091
7386.2037069091
7386.9356081818
7387.6626501818
7388.3896705455
7389.1137578182
7389.8362294545
7390.5558720000
7391.2726828182
7391.9880392727
7392.7001332727
7393.4109191818
7394.1190657273
7394.8277317273
7395.5308790909
7396.2331276364
7396.9342129091
7397.6307138182
7398.3256473636
7399.0184112727
7399.7102352727
7400.4003322727
7401.0880650000
7401.7718866364
7402.4544922727
7403.1339295455
7403.8107758182
7404.4866234545
7405.1593506364
7405.8269799091
7406.4938549091
7407.1586660000
7407.8222240909
7408.4822004545
7409.1409180000
7409.7974148182
7410.4506069091
7411.1030767273
7411.7515870000
7412.3979122727
7413.0425462727
7413.6835154545
7414.3228919091
7414.9595524545
7415.5947412727
7416.2270309091
7416.8557520000
7417.4834999091
7418.1088735455
7418.7319684545
7419.3527730000
7419.9708918182
7420.5868747273
7421.2009864545
7421.8095593636
7422.4166854545
7423.0219371818
7423.6250666364
7424.2258353636
7424.8250777273
7425.4204813636
7426.0153631818
7426.6070059091
7427.1955468182
7427.7825266364
7428.3675193636
7428.9492049091
7429.5283040000
7430.1045332727
7430.6772851818
7431.2480574545
7431.8164856364
7432.3820816364
7432.9448052727
7433.5061485455
7434.0646295455
7434.6205927273
7435.1751774545
7435.7248512727
7436.2719993636
7436.8176656364
7437.3605200909
7437.8997648182
7438.4370248182
7438.9725248182
7439.5055204545
7440.0370353636
7440.5654498182
7441.0899800000
7441.6103621818
7442.1299739091
7442.6450970909
7443.1589175455
7443.6696221818
7444.1781962727
7444.6845603636
7445.1875930000
7445.6895269091
7446.1870131818
7446.6818210000
7447.1753299091
7447.6648218182
7448.1519854545
7448.6352507273
7449.1175100909
7449.5962785455
7450.0725977273
7450.5461254545
7451.0176379091
7451.4868064545
7451.9520384545
7452.4144174545
7452.8748599091
7453.3306923636
7453.7853478182
7454.2351785455
7454.6825030909
7455.1274373636
7455.5683399091
7456.0083264545
7456.4448898182
7456.8779593636
7457.3100243636
7457.7393860000
7458.1658491818
7458.5870729091
7459.0066560909
7459.4233384545
7459.8373748182
7460.2480177273
7460.6565226364
7461.0615106364
7461.4639670000
7461.8631557273
7462.2577739091
7462.6511348182
7463.0405442727
7463.4273101818
7463.8109311818
7464.1925975455
7464.5700130000
7464.9450915455
7465.3195546364
7465.6894751818
7466.0545039091
7466.4168152727
7466.7776309091
7467.1354774545
7467.4886360000
7467.8401025455
7468.1861824545
7468.5312234545
7468.8735613636
7469.2113639091
7469.5471558182
7469.8785022727
7470.2075312727
7470.5348600909
7470.8560615455
7471.1750530909
7471.4929068182
7471.8068390000
7472.1162529091
7472.4240757273
7472.7277711818
7473.0289008182
7473.3278629091
7473.6205127273
7473.9105770000
7474.1982516364
7474.4835704545
7474.7639211818
7475.0422768182
7475.3170485455
7475.5877619091
7475.8560260000
7476.1215617273
7476.3840158182
7476.6415041818
7476.8981320909
7477.1502510000
7477.3984857273
7477.6429192727
7477.8842368182
7478.1205385455
7478.3535412727
7478.5830420000
7478.8097581818
7479.0342070000
7479.2562644545
7479.4748215455
7479.6885251818
7479.8993092727
7480.1053079091
7480.3084055455
7480.5078588182
7480.7039720909
7480.8961077273
7481.0847760909
7481.2702295455
7481.4524127273
7481.6323430000
7481.8060812727
7481.9762199091
7482.1434942727
7482.3070826364
7482.4669160000
7482.6226173636
7482.7764885455
7482.9256878182
7483.0700498182
7483.2117131818
7483.3494973636
7483.4832338182
7483.6119837273
7483.7385941818
7483.8624720000
7483.9837483636
7484.1010813636
7484.2122881818
7484.3206795455
7484.4257938182
7484.5251218182
7484.6217971818
7484.7137330909
7484.8033043636
7484.8871060909
7484.9695323636
7485.0469589091
7485.1199457273
7485.1892395455
7485.2551342727
7485.3159794545
7485.3733064545
7485.4263634545
7485.4754897273
7485.5199277273
7485.5625990909
7485.5989745455
7485.6324929091
7485.6606007273
7485.6852773636
7485.7062501818
7485.7227192727
7485.7351526364
7485.7428680909
7485.7469229091
7485.7461787273
7485.7416783636
7485.7324280000
7485.7189510000
7485.7009790909
7485.6792708182
7485.6532660000
7485.6243878182
7485.5889246364
7485.5486378182
7485.5040732727
7485.4564064545
7485.4051443636
7485.3486508182
7485.2895891818
7485.2243853636
7485.1570850909
7485.0835236364
7485.0054057273
7484.9221680909
7484.8322173636
7484.7405770000
7484.6437345455
7484.5422800909
7484.4360303636
7484.3252932727
7484.2099589091
7484.0898151818
7483.9643208182
7483.8340010000
7483.7001290000
7483.5611936364
7483.4181243636
7483.2695346364
7483.1173963636
7482.9582915455
7482.7951602727
7482.6263277273
7482.4533508182
7482.2758323636
7482.0938653636
7481.9066846364
7481.7134006364
7481.5162800909
7481.3151168182
7481.1068765455
7480.8943669091
7480.6767924545
7480.4531751818
7480.2253856364
7479.9922323636
7479.7533838182
7479.5088077273
7479.2601219091
7479.0054360909
7478.7445226364
7478.4785160000
7478.2071118182
7477.9294391818
7477.6466091818
7477.3592853636
7477.0665976364
7476.7691938182
7476.4654382727
7476.1568470000
7475.8410451818
7475.5204217273
7475.1937143636
7474.8624570000
7474.5229210000
7474.1791619091
7473.8295614545
7473.4753086364
7473.1167049091
7472.7520199091
7472.3796278182
7472.0000312727
7471.6165271818
7471.2260759091
7470.8302359091
7470.4274301818
7470.0176717273
7469.6028525455
7469.1819439091
7468.7539717273
7468.3200912727
7467.8810460909
7467.4364687273
7466.9839980000
7466.5253791818
7466.0599700909
7465.5873919091
7465.1103059091
7464.6257027273
7464.1353554545
7463.6369567273
7463.1332590909
7462.6201332727
7462.1012001818
7461.5779520909
7461.0459691818
7460.5086160000
7459.9656368182
7459.4128700909
7458.8515116364
7458.2854333636
7457.7116710000
7457.1312520000
7456.5430088182
7455.9466600000
7455.3446020000
7454.7341617273
7454.1152195455
7453.4888918182
7452.8575335455
7452.2165280000
7451.5697666364
7450.9147592727
7450.2518042727
7449.5825326364
7448.9035246364
7448.2167739091
7447.5220710000
7446.8210602727
7446.1097351818
7445.3905703636
7444.6632343636
7443.9273290000
7443.1835027273
7442.4314058182
7441.6707601818
7440.9012154545
7440.1217213636
7439.3359810909
7438.5418797273
7437.7390809091
7436.9255545455
7436.1029065455
7435.2702233636
7434.4316002727
7433.5824516364
7432.7222884545
7431.8547497273
7430.9766896364
7430.0901467273
7429.1925041818
7428.2867894545
7427.3739485455
7426.4497329091
7425.5130986364
7424.5658756364
7423.6103215455
7422.6436440909
7421.6684918182
7420.6811586364
7419.6838161818
7418.6751922727
7417.6530849091
7416.6215361818
7415.5801613636
7414.5282981818
7413.4613817273
7412.3874771818
7411.2974540909
7410.1972852727
7409.0860537273
7407.9627308182
7406.8257915455
7405.6786944545
7404.5188255455
7403.3457747273
7402.1596974545
7400.9632601818
7399.7524621818
7398.5270940000
7397.2886177273
7396.0373975455
7394.7750314545
7393.4934975455
7392.2010965455
7390.8929934545
7389.5698458182
7388.2331741818
7386.8800326364
7385.5134622727
7384.1295492727
7382.7313513636
7381.3144590000
7379.8838519091
7378.4361426364
7376.9715430000
7375.4951692727
7374.0006525455
7372.4853991818
7370.9487418182
7369.4003377273
7367.8292299091
7366.2381021818
7364.6309181818
7363.0009230909
7361.3516085455
7359.6820318182
7357.9908212727
7356.2805667273
7354.5473015455
7352.7955234545
7351.0179713636
7349.2208292727
7347.3985760000
7345.5478894545
7343.6767266364
7341.7813561818
7339.8553587273
7337.9084848182
7335.9317771818
7333.9209693636
7331.8871117273
7329.8235770000
7327.7274021818
7325.6014845455
7323.4421205455
7321.2448188182
7319.0143540909
7316.7454685455
7314.4397944545
7312.0924855455
7309.7032083636
7307.2810028182
7304.8069534545
7302.2885848182
7299.7207173636
7297.1007580000
7294.4317439091
7291.7007998182
7288.9124371818
7286.0492935455
7283.1253330909
7280.1225231818
7277.0468108182
7273.8841933636
7270.6206183636
7267.2584692727
7263.7737989091
7260.1496690000
7256.3675203636
7252.4062139091
7248.2046658182
7243.7318200909
7238.8472342727
7233.2645740000
