2.3025850000
11.8784130000
12.5679986000
14.6473807000
20.7534296000
16.4381336000
22.1507661000
24.2173797000
29.2296554000
26.3052036000
31.0487199000
33.0984877000
37.4111340000
35.4125867000
39.5476557000
41.5760932000
45.3737093000
44.0729327000
47.7684797000
49.7606541000
53.1591057000
52.4227604000
55.7683622000
57.7253122000
60.7956291000
60.5331140000
63.5937406000
65.5168529000
68.3102540000
68.4453651000
71.2742601000
73.1619250000
75.7191723000
76.1950763000
78.8258889000
80.6811346000
83.0419612000
83.8048012000
86.2693469000
88.0919429000
90.2922366000
91.2925168000
93.6147511000
95.4105242000
97.4793858000
98.6747029000
100.8729052000
102.6465959000
104.6137785000
105.9628027000
108.0606952000
109.8093943000
111.7016639000
113.1683641000
115.1783901000
116.9105424000
118.7447125000
120.2942862000
122.2325787000
123.9516289000
125.7467447000
127.3563486000
129.2324508000
130.9418838000
132.7056846000
134.3526147000
136.1809369000
137.8838677000
139.6246626000
141.2939708000
143.0827425000
144.7793373000
146.5031111000
148.1854521000
149.9417157000
151.6342040000
153.3443201000
155.0316239000
156.7615908000
158.4480456000
160.1484857000
161.8341642000
163.5438700000
165.2238540000
166.9125601000
168.5960288000
170.2905988000
171.9632694000
173.6455527000
175.3197339000
177.0006921000
178.6681725000
180.3415655000
182.0101321000
183.6782650000
185.3417161000
187.0057601000
188.6661660000
190.3267818000
191.9828579000
193.6398114000
195.2921469000
196.9454076000
198.5933918000
200.2422721000
201.8872080000
203.5343268000
205.1763335000
206.8183500000
208.4579316000
210.0959373000
211.7315086000
213.3673597000
215.0002542000
216.6319524000
218.2600775000
219.8889523000
221.5149333000
223.1415490000
224.7637753000
226.3855214000
228.0074700000
229.6255664000
231.2441405000
232.8597421000
234.4750377000
236.0867402000
237.6985191000
239.3091866000
240.9178268000
242.5259525000
244.1315968000
245.7374491000
247.3398476000
248.9418629000
250.5419460000
252.1425205000
253.7406403000
255.3371387000
256.9321038000
258.5272642000
260.1198321000
261.7114529000
263.3024217000
264.8913115000
266.4814557000
268.0672529000
269.6533047000
271.2373043000
272.8215432000
274.4032606000
275.9844942000
277.5641778000
279.1436729000
280.7184129000
282.2969409000
283.8721584000
285.4460876000
287.0197251000
288.5918253000
290.1630608000
291.7337991000
293.3012338000
294.8696997000
296.4375886000
298.0025053000
299.5680177000
301.1313026000
302.6953636000
304.2561815000
305.8166089000
307.3763734000
308.9357725000
310.4936876000
312.0503632000
313.6064955000
315.1617029000
316.7165268000
318.2676065000
319.8207892000
321.3725396000
322.9227337000
324.4729027000
326.0204284000
327.5680977000
329.1152357000
330.6609150000
332.2054540000
333.7498761000
335.2934173000
336.8353897000
338.3778449000
339.9180620000
341.4584655000
342.9965753000
344.5358008000
346.0730344000
347.6089794000
349.1439516000
350.6794726000
352.2137952000
353.7462270000
355.2787999000
356.8111786000
358.3429241000
359.8721992000
361.4025306000
362.9318048000
364.4592192000
365.9869959000
367.5132137000
369.0381199000
370.5642512000
372.0882501000
373.6121785000
375.1347786000
376.6561123000
378.1776137000
379.6986017000
381.2183036000
382.7382498000
384.2571818000
385.7741113000
387.2926381000
388.8094473000
390.3243004000
391.8391190000
393.3548004000
394.8680709000
396.3817251000
397.8945188000
399.4052909000
400.9173889000
402.4277405000
403.9383061000
405.4468214000
406.9559548000
408.4645156000
409.9711133000
411.4778881000
412.9842581000
414.4901969000
415.9941963000
417.4985824000
419.0029854000
420.5061399000
422.0075464000
423.5101073000
425.0114408000
426.5125932000
428.0130209000
429.5130709000
431.0117992000
432.5103635000
434.0087284000
435.5063499000
437.0029873000
438.4999350000
439.9951263000
441.4906162000
442.9850562000
444.4794340000
445.9727353000
447.4662985000
448.9584737000
450.4509611000
451.9419518000
453.4327376000
454.9233977000
456.4128532000
457.9024494000
459.3915533000
460.8802933000
462.3672760000
463.8550879000
465.3412893000
466.8281743000
468.3135156000
469.7992534000
471.2838138000
472.7685590000
474.2522692000
475.7366791000
477.2192712000
478.7014352000
480.1837093000
481.6654223000
483.1464016000
484.6269205000
486.1075263000
487.5877654000
489.0663078000
490.5456586000
492.0246023000
493.5023235000
494.9795644000
496.4567179000
497.9331148000
499.4090835000
500.8853831000
502.3605574000
503.8358087000
505.3099165000
506.7844887000
508.2581070000
509.7314636000
511.2041675000
512.6766247000
514.1493489000
515.6210429000
517.0920082000
518.5632153000
520.0338167000
521.5037233000
522.9731393000
524.4418803000
525.9113203000
527.3791216000
528.8468716000
530.3145124000
531.7819862000
533.2492293000
534.7159801000
536.1817809000
537.6470091000
539.1129412000
540.5768945000
542.0426589000
543.5063405000
544.9702839000
546.4336189000
547.8969101000
549.3598231000
550.8227759000
552.2846511000
553.7459988000
555.2079878000
556.6690866000
558.1294328000
559.5895200000
561.0493722000
562.5091035000
563.9684878000
565.4279153000
566.8861197000
568.3450105000
569.8030844000
571.2612703000
572.7182114000
574.1753258000
575.6318027000
577.0884492000
578.5448244000
579.9999953000
581.4554983000
582.9112911000
584.3661323000
585.8205957000
587.2751090000
588.7289073000
590.1827049000
591.6362582000
593.0893935000
594.5420548000
595.9944996000
597.4461754000
598.8982226000
600.3496742000
601.8005292000
603.2515252000
604.7021536000
606.1534042000
607.6037839000
609.0534503000
610.5032109000
611.9528439000
613.4020226000
614.8503953000
616.2989017000
617.7473744000
619.1949065000
620.6428134000
622.0900662000
623.5372922000
624.9843604000
626.4308190000
627.8782153000
629.3230992000
630.7697961000
632.2151610000
633.6604464000
635.1057241000
636.5508104000
637.9961709000
639.4401551000
640.8839294000
642.3277535000
643.7714291000
645.2146224000
646.6580542000
648.1006441000
649.5430745000
650.9854030000
652.4271869000
653.8690720000
655.3105249000
656.7520199000
658.1934793000
659.6341999000
661.0752948000
662.5155276000
663.9563875000
665.3955703000
666.8353239000
668.2753056000
669.7143805000
671.1534663000
672.5924777000
674.0318639000
675.4703820000
676.9087334000
678.3468630000
679.7852168000
681.2225426000
682.6599072000
684.0977815000
685.5348059000
686.9715900000
688.4077457000
689.8450639000
691.2808520000
692.7166019000
694.1523453000
695.5880062000
697.0234813000
698.4590438000
699.8941692000
701.3289733000
702.7638169000
704.1983410000
705.6334583000
707.0674969000
708.5018177000
709.9359377000
711.3689005000
712.8022514000
714.2360694000
715.6682396000
717.1013234000
718.5343326000
719.9666060000
721.3988617000
722.8312326000
724.2630539000
725.6944249000
727.1268749000
728.5584546000
729.9898994000
731.4213988000
732.8522606000
734.2836764000
735.7142476000
737.1451080000
738.5751565000
740.0047730000
741.4352662000
742.8650157000
744.2949091000
745.7245796000
747.1538298000
748.5828120000
750.0123502000
751.4414749000
752.8703160000
754.2992444000
755.7272413000
757.1562520000
758.5844703000
760.0123373000
761.4403009000
762.8680545000
764.2956613000
765.7239252000
767.1507505000
768.5782433000
770.0052040000
771.4326022000
772.8590408000
774.2857568000
775.7123870000
777.1387347000
778.5650064000
779.9909345000
781.4170946000
782.8424245000
784.2682304000
785.6947932000
787.1200821000
788.5449125000
789.9706575000
791.3959720000
792.8205474000
794.2457089000
795.6709605000
797.0953841000
798.5207062000
799.9451019000
801.3691933000
802.7935644000
804.2171953000
805.6413807000
807.0656019000
808.4893485000
809.9131831000
811.3367263000
812.7599029000
814.1832448000
815.6063960000
817.0295735000
818.4528911000
819.8747980000
821.2983939000
822.7210373000
824.1435406000
825.5662625000
826.9887622000
828.4109814000
829.8330191000
831.2551889000
832.6771933000
834.0989262000
835.5205562000
836.9428633000
838.3642521000
839.7859869000
841.2072098000
842.6284073000
844.0496920000
845.4707063000
846.8916309000
848.3125640000
849.7333910000
851.1545219000
852.5751921000
853.9953133000
855.4160956000
856.8366406000
858.2565740000
859.6772455000
861.0971890000
862.5170719000
863.9372174000
865.3568562000
866.7773352000
868.1965316000
869.6164214000
871.0360878000
872.4555718000
873.8745384000
875.2942009000
876.7133317000
878.1326306000
879.5515025000
880.9704286000
882.3894099000
883.8086051000
885.2273069000
886.6460571000
888.0651314000
889.4837873000
890.9026874000
892.3213798000
893.7398986000
895.1583047000
896.5771322000
897.9949018000
899.4130270000
900.8315574000
902.2494556000
903.6676379000
905.0851953000
906.5029600000
907.9212883000
909.3385732000
910.7565690000
912.1746337000
913.5921331000
915.0094468000
916.4273740000
917.8448470000
919.2626561000
920.6794622000
922.0967141000
923.5146269000
924.9312951000
926.3487070000
927.7656265000
929.1829183000
930.5996616000
932.0166596000
933.4333062000
934.8502983000
936.2665365000
937.6834484000
939.1002656000
940.5167050000
941.9334485000
943.3502506000
944.7668307000
946.1830324000
947.5995834000
949.0156940000
950.4319755000
951.8485265000
953.2646090000
954.6809492000
956.0974292000
957.5129429000
958.9292939000
960.3456479000
961.7616461000
963.1778119000
964.5939602000
966.0102256000
967.4257042000
968.8413362000
970.2566841000
971.6722679000
973.0885480000
974.5040567000
975.9193829000
977.3349497000
978.7506805000
980.1659276000
981.5815643000
982.9971978000
984.4127368000
985.8284657000
987.2435963000
988.6594357000
990.0747597000
991.4897979000
992.9050641000
994.3206529000
995.7359666000
997.1509495000
998.5658695000
999.9813344000
1001.3967156000
1002.8115129000
1004.2270370000
1005.6416319000
1007.0565429000
1008.4717170000
1009.8867992000
1011.3014777000
1012.7162319000
1014.1308363000
1015.5460888000
1016.9615081000
1018.3760553000
1019.7907371000
1021.2059772000
1022.6208158000
1024.0356486000
1025.4500137000
1026.8653226000
1028.2800162000
1029.6945823000
1031.1095368000
1032.5240320000
1033.9385300000
1035.3535040000
1036.7680339000
1038.1826072000
1039.5973536000
1041.0118414000
1042.4269124000
1043.8409997000
1045.2556639000
1046.6704243000
1048.0847634000
1049.4995820000
1050.9141457000
1052.3288146000
1053.7434943000
1055.1578139000
1056.5726864000
1057.9873449000
1059.4021116000
1060.8162649000
1062.2308056000
1063.6453543000
1065.0598441000
1066.4742133000
1067.8890384000
1069.3032480000
1070.7181700000
1072.1325207000
1073.5469190000
1074.9616093000
1076.3759395000
1077.7904680000
1079.2050015000
1080.6195266000
1082.0340121000
1083.4490993000
1084.8632687000
1086.2780671000
1087.6921053000
1089.1065494000
1090.5211494000
1091.9355506000
1093.3500733000
1094.7641848000
1096.1786397000
1097.5924960000
1099.0074471000
1100.4215987000
1101.8360206000
1103.2504145000
1104.6653774000
1106.0798144000
1107.4941134000
1108.9084372000
1110.3230118000
1111.7373614000
1113.1517900000
1114.5659041000
1115.9804231000
1117.3948441000
1118.8094059000
1120.2237907000
1121.6380400000
1123.0524410000
1124.4668140000
1125.8812865000
1127.2957992000
1128.7097846000
1130.1242757000
1131.5386043000
1132.9532083000
1134.3676276000
1135.7817579000
1137.1962970000
1138.6105244000
1140.0253802000
1141.4394059000
1142.8538461000
1144.2685527000
1145.6827398000
1147.0970495000
1148.5117633000
1149.9263335000
1151.3408190000
1152.7554011000
1154.1699324000
1155.5845158000
1156.9991198000
1158.4141514000
1159.8282203000
1161.2431523000
1162.6578313000
1164.0727082000
1165.4878062000
1166.9023597000
1168.3171135000
1169.7321944000
1171.1465974000
1172.5613985000
1173.9760241000
1175.3905309000
1176.8051589000
1178.2197743000
1179.6343179000
1181.0491617000
1182.4639903000
1183.8781695000
1185.2929677000
1186.7080935000
1188.1228137000
1189.5373265000
1190.9521835000
1192.3669675000
1193.7819051000
1195.1964595000
1196.6118687000
1198.0268962000
1199.4415295000
1200.8562858000
1202.2713005000
1203.6859654000
1205.1008338000
1206.5157963000
1207.9308121000
1209.3456742000
1210.7609475000
1212.1757222000
1213.5904325000
1215.0052617000
1216.4201659000
1217.8351763000
1219.2502337000
1220.6652923000
1222.0801284000
1223.4955824000
1224.9102182000
1226.3254615000
1227.7403618000
1229.1556520000
1230.5708362000
1231.9857810000
1233.4011784000
1234.8164542000
1236.2318790000
1237.6467006000
1239.0619107000
1240.4770016000
1241.8924966000
1243.3074669000
1244.7229816000
1246.1380078000
1247.5530014000
1248.9682730000
1250.3836629000
1251.7991515000
1253.2142821000
1254.6295254000
1256.0449848000
1257.4606998000
1258.8763230000
1260.2912607000
1261.7067827000
1263.1222615000
1264.5377955000
1265.9537200000
1267.3687870000
1268.7846114000
1270.2001248000
1271.6154795000
1273.0311333000
1274.4466866000
1275.8622371000
1277.2777635000
1278.6934854000
1280.1095213000
1281.5248855000
1282.9405018000
1284.3565110000
1285.7722406000
1287.1878655000
1288.6035829000
1290.0194420000
1291.4354077000
1292.8511763000
1294.2668015000
1295.6828195000
1297.0985723000
1298.5145927000
1299.9304883000
1301.3464368000
1302.7622624000
1304.1785316000
1305.5942732000
1307.0106319000
1308.4265914000
1309.8426680000
1311.2586440000
1312.6750514000
1314.0912144000
1315.5070404000
1316.9229704000
1318.3388949000
1319.7549490000
1321.1712752000
1322.5874361000
1324.0035601000
1325.4197665000
1326.8360919000
1328.2524530000
1329.6689294000
1331.0851044000
1332.5014334000
1333.9179696000
1335.3343016000
1336.7506269000
1338.1671975000
1339.5837673000
1341.0003854000
1342.4165526000
1343.8329508000
1345.2501185000
1346.6660627000
1348.0823797000
1349.4988285000
1350.9156291000
1352.3323823000
1353.7488257000
1355.1655766000
1356.5821305000
1357.9989224000
1359.4159838000
1360.8326684000
1362.2494549000
1363.6667609000
1365.0833580000
1366.5003404000
1367.9171040000
1369.3335237000
1370.7503349000
1372.1672199000
1373.5837870000
1375.0006523000
1376.4173670000
1377.8343626000
1379.2513436000
1380.6684390000
1382.0853509000
1383.5021741000
1384.9194472000
1386.3362006000
1387.7535260000
1389.1705028000
1390.5875659000
1392.0043738000
1393.4216559000
1394.8390757000
1396.2560546000
1397.6731632000
1399.0906131000
1400.5078281000
1401.9249846000
1403.3422636000
1404.7598017000
1406.1770177000
1407.5941407000
1409.0117686000
1410.4290722000
1411.8465037000
1413.2642616000
1414.6816113000
1416.0992877000
1417.5169601000
1418.9344575000
1420.3520052000
1421.7697284000
1423.1871606000
1424.6049496000
1426.0226634000
1427.4403921000
1428.8582778000
1430.2759893000
1431.6936814000
1433.1114835000
1434.5291984000
1435.9471490000
1437.3647952000
1438.7825287000
1440.2005237000
1441.6186573000
1443.0366148000
1444.4543536000
1445.8723688000
1447.2901948000
1448.7081647000
1450.1264749000
1451.5447287000
1452.9625935000
1454.3809066000
1455.7991525000
1457.2178864000
1458.6358750000
1460.0537628000
1461.4720966000
1462.8901047000
1464.3084367000
1465.7266334000
1467.1451966000
1468.5635240000
1469.9818519000
1471.4000377000
1472.8184272000
1474.2369972000
1475.6554281000
1477.0737205000
1478.4923838000
1479.9112741000
1481.3295487000
1482.7480822000
1484.1666630000
1485.5849954000
1487.0037526000
1488.4222337000
1489.8407516000
1491.2599988000
1492.6787595000
1494.0978578000
1495.5161538000
1496.9353319000
1498.3541505000
1499.7732871000
1501.1919644000
1502.6106561000
1504.0294716000
1505.4483547000
1506.8675985000
1508.2861317000
1509.7053980000
1511.1244828000
1512.5434346000
1513.9629799000
1515.3821207000
1516.8010431000
1518.2204643000
1519.6397053000
1521.0587273000
1522.4781555000
1523.8978557000
1525.3173843000
1526.7365262000
1528.1561341000
1529.5754637000
1530.9949000000
1532.4143894000
1533.8339305000
1535.2538912000
1536.6734455000
1538.0931659000
1539.5123858000
1540.9325141000
1542.3519810000
1543.7716998000
1545.1914437000
1546.6113613000
1548.0313290000
1549.4513682000
1550.8709783000
1552.2912363000
1553.7108483000
1555.1306816000
1556.5507706000
1557.9706969000
1559.3910385000
1560.8109744000
1562.2312286000
1563.6511107000
1565.0719290000
1566.4921241000
1567.9122462000
1569.3324544000
1570.7526105000
1572.1728710000
1573.5931428000
1575.0138727000
1576.4342319000
1577.8545596000
1579.2749301000
1580.6954254000
1582.1158250000
1583.5364142000
1584.9573339000
1586.3780931000
1587.7987362000
1589.2194873000
1590.6400759000
1592.0610544000
1593.4816859000
1594.9026544000
1596.3234416000
1597.7443823000
1599.1653092000
1600.5863388000
1602.0072438000
1603.4285341000
1604.8494332000
1606.2708096000
1607.6917869000
1609.1129750000
1610.5343441000
1611.9554574000
1613.3769701000
1614.7981345000
1616.2194879000
1617.6410031000
1619.0625058000
1620.4840987000
1621.9055750000
1623.3271858000
1624.7485223000
1626.1703548000
1627.5916314000
1629.0133358000
1630.4352103000
1631.8569508000
1633.2788514000
1634.7006623000
1636.1223466000
1637.5440707000
1638.9661162000
1640.3881025000
1641.8100399000
1643.2317720000
1644.6536425000
1646.0756685000
1647.4978481000
1648.9201277000
1650.3419874000
1651.7640667000
1653.1860531000
1654.6082533000
1656.0304563000
1657.4526759000
1658.8753827000
1660.2975066000
1661.7197671000
1663.1425680000
1664.5645104000
1665.9868365000
1667.4091110000
1668.8315920000
1670.2542656000
1671.6767306000
1673.0993469000
1674.5218163000
1675.9445526000
1677.3667923000
1678.7895655000
1680.2123634000
1681.6348389000
1683.0580727000
1684.4803372000
1685.9032863000
1687.3262704000
1688.7490496000
1690.1720888000
1691.5952067000
1693.0181778000
1694.4412592000
1695.8644920000
1697.2876347000
1698.7106804000
1700.1339548000
1701.5573461000
1702.9803099000
1704.4035744000
1705.8269717000
1707.2500620000
1708.6733575000
1710.0969514000
1711.5204584000
1712.9436900000
1714.3673171000
1715.7911966000
1717.2145861000
1718.6384609000
1720.0620608000
1721.4854107000
1722.9090635000
1724.3326122000
1725.7563234000
1727.1798511000
1728.6038956000
1730.0276742000
1731.4513300000
1732.8752140000
1734.2993973000
1735.7235980000
1737.1479034000
1738.5719083000
1739.9958314000
1741.4201157000
1742.8441364000
1744.2686106000
1745.6928096000
1747.1169090000
1748.5415764000
1749.9657825000
1751.3901701000
1752.8144591000
1754.2390320000
1755.6635763000
1757.0881586000
1758.5130609000
1759.9375546000
1761.3623695000
1762.7869276000
1764.2117332000
1765.6368718000
1767.0614426000
1768.4865198000
1769.9114480000
1771.3362643000
1772.7610455000
1774.1859791000
1775.6112117000
1777.0360218000
1778.4608890000
1779.8859995000
1781.3113155000
1782.7361466000
1784.1609909000
1785.5863170000
1787.0110154000
1788.4365372000
1789.8616498000
1791.2868909000
1792.7121471000
1794.1374316000
1795.5628098000
1796.9882998000
1798.4136481000
1799.8391881000
1801.2650436000
1802.6904152000
1804.1161438000
1805.5417113000
1806.9673375000
1808.3931850000
1809.8189586000
1811.2452004000
1812.6713223000
1814.0973947000
1815.5234569000
1816.9496417000
1818.3755239000
1819.8017586000
1821.2280601000
1822.6540267000
1824.0804096000
1825.5065976000
1826.9328122000
1828.3590792000
1829.7855050000
1831.2117043000
1832.6383485000
1834.0649266000
1835.4915441000
1836.9180219000
1838.3445832000
1839.7714461000
1841.1983048000
1842.6249073000
1844.0517606000
1845.4786590000
1846.9055373000
1848.3322969000
1849.7591685000
1851.1860126000
1852.6133820000
1854.0404164000
1855.4677962000
1856.8946430000
1858.3220401000
1859.7491411000
1861.1765542000
1862.6039997000
1864.0313842000
1865.4585596000
1866.8860323000
1868.3132066000
1869.7409560000
1871.1684627000
1872.5959021000
1874.0234918000
1875.4511766000
1876.8789512000
1878.3068371000
1879.7347385000
1881.1626969000
1882.5908499000
1884.0191113000
1885.4471889000
1886.8752877000
1888.3032191000
1889.7314359000
1891.1597096000
1892.5880015000
1894.0167149000
1895.4451232000
1896.8732619000
1898.3019748000
1899.7304424000
1901.1592619000
1902.5876866000
1904.0166715000
1905.4456265000
1906.8745754000
1908.3034177000
1909.7325327000
1911.1613883000
1912.5904758000
1914.0196824000
1915.4486929000
1916.8780432000
1918.3074277000
1919.7366854000
1921.1661284000
1922.5954284000
1924.0253266000
1925.4550041000
1926.8847899000
1928.3145387000
1929.7439480000
1931.1739552000
1932.6038819000
1934.0339025000
1935.4639962000
1936.8939374000
1938.3237378000
1939.7538977000
1941.1839057000
1942.6144811000
1944.0447773000
1945.4752108000
1946.9052962000
1948.3361424000
1949.7662881000
1951.1969691000
1952.6277390000
1954.0585479000
1955.4893607000
1956.9201962000
1958.3508848000
1959.7821559000
1961.2131069000
1962.6439607000
1964.0750070000
1965.5057395000
1966.9369619000
1968.3684450000
1969.7997303000
1971.2309407000
1972.6623986000
1974.0938371000
1975.5254509000
1976.9570017000
1978.3884568000
1979.8202127000
1981.2520315000
1982.6839009000
1984.1157401000
1985.5474067000
1986.9796986000
1988.4114286000
1989.8437630000
1991.2760468000
1992.7079051000
1994.1401978000
1995.5725243000
1997.0051478000
1998.4375758000
1999.8701851000
2001.3026942000
2002.7354140000
2004.1681203000
2005.6010546000
2007.0338323000
2008.4664644000
2009.8993144000
2011.3322489000
2012.7652757000
2014.1984896000
2015.6317198000
2017.0647362000
2018.4982516000
2019.9312381000
2021.3647340000
2022.7983832000
2024.2315819000
2025.6655331000
2027.0986216000
2028.5325739000
2029.9666558000
2031.4003687000
2032.8340830000
2034.2681172000
2035.7021354000
2037.1358532000
2038.5698182000
2040.0039369000
2041.4379383000
2042.8716945000
2044.3058137000
2045.7399415000
2047.1741007000
2048.6084217000
2050.0429110000
2051.4775633000
2052.9117184000
2054.3463533000
2055.7810968000
2057.2158705000
2058.6504872000
2060.0852102000
2061.5199235000
2062.9545365000
2064.3897300000
2065.8245558000
2067.2596300000
2068.6945252000
2070.1295161000
2071.5647061000
2072.9999779000
2074.4351916000
2075.8704814000
2077.3058252000
2078.7411054000
2080.1764363000
2081.6119964000
2083.0475020000
2084.4832045000
2085.9184154000
2087.3543819000
2088.7896239000
2090.2254259000
2091.6609814000
2093.0966995000
2094.5323953000
2095.9680437000
2097.4038037000
2098.8394566000
2100.2752774000
2101.7111843000
2103.1473727000
2104.5831231000
2106.0190727000
2107.4553092000
2108.8913964000
2110.3275480000
2111.7637454000
2113.1999948000
2114.6361253000
2116.0721700000
2117.5084950000
2118.9447902000
2120.3809977000
2121.8175420000
2123.2538140000
2124.6903182000
2126.1263867000
2127.5627476000
2128.9993988000
2130.4357366000
2131.8725739000
2133.3089111000
2134.7456196000
2136.1821666000
2137.6185531000
2139.0555072000
2140.4924405000
2141.9292117000
2143.3657893000
2144.8028891000
2146.2395050000
2147.6765948000
2149.1133475000
2150.5500654000
2151.9870507000
2153.4237291000
2154.8608090000
2156.2978570000
2157.7350365000
2159.1721454000
2160.6087894000
2162.0458629000
2163.4827843000
2164.9198716000
2166.3566113000
2167.7936797000
2169.2302891000
2170.6675438000
2172.1042482000
2173.5411971000
2174.9782793000
2176.4153142000
2177.8521696000
2179.2891965000
2180.7260832000
2182.1632428000
2183.6001395000
2185.0373079000
2186.4741279000
2187.9112461000
2189.3482159000
2190.7850834000
2192.2223034000
2193.6592322000
2195.0966628000
2196.5336095000
2197.9707527000
2199.4077463000
2200.8446807000
2202.2819422000
2203.7190971000
2205.1564916000
2206.5935410000
2208.0308462000
2209.4678940000
2210.9050926000
2212.3423985000
2213.7794628000
2215.2164741000
2216.6537636000
2218.0907213000
2219.5278171000
2220.9648201000
2222.4016912000
2223.8392006000
2225.2762246000
2226.7134074000
2228.1504699000
2229.5873456000
2231.0243490000
2232.4613348000
2233.8983747000
2235.3353252000
2236.7721209000
2238.2090010000
2239.6458280000
2241.0825132000
2242.5194739000
2243.9566123000
2245.3935180000
2246.8304509000
2248.2672165000
2249.7038921000
2251.1405636000
2252.5772988000
2254.0141441000
2255.4508163000
2256.8876314000
2258.3244724000
2259.7610234000
2261.1976480000
2262.6345531000
2264.0710279000
2265.5075609000
2266.9441929000
2268.3806814000
2269.8172137000
2271.2538095000
2272.6897761000
2274.1264663000
2275.5630271000
2276.9994476000
2278.4357871000
2279.8722269000
2281.3082786000
2282.7443784000
2284.1807825000
2285.6168891000
2287.0530291000
2288.4889275000
2289.9250683000
2291.3613052000
2292.7974691000
2294.2334424000
2295.6694762000
2297.1055262000
2298.5413152000
2299.9771227000
2301.4129768000
2302.8487058000
2304.2842563000
2305.7199891000
2307.1557608000
2308.5912019000
2310.0266778000
2311.4625397000
2312.8980111000
2314.3334314000
2315.7687313000
2317.2038718000
2318.6390259000
2320.0742298000
2321.5094967000
2322.9449313000
2324.3798419000
2325.8149297000
2327.2499095000
2328.6848824000
2330.1200590000
2331.5548945000
2332.9898550000
2334.4247991000
2335.8594421000
2337.2939443000
2338.7286865000
2340.1631761000
2341.5976136000
2343.0321132000
2344.4664365000
2345.9006761000
2347.3347966000
2348.7691015000
2350.2032591000
2351.6374109000
2353.0714259000
2354.5058418000
2355.9398900000
2357.3738932000
2358.8078054000
2360.2417208000
2361.6751534000
2363.1088004000
2364.5422810000
2365.9758877000
2367.4093510000
2368.8426048000
2370.2759836000
2371.7090430000
2373.1426162000
2374.5758655000
2376.0089993000
2377.4420932000
2378.8750904000
2380.3077163000
2381.7405728000
2383.1734180000
2384.6056947000
2386.0383865000
2387.4706080000
2388.9031086000
2390.3354362000
2391.7679313000
2393.2000322000
2394.6321434000
2396.0639626000
2397.4959266000
2398.9277936000
2400.3594541000
2401.7910287000
2403.2227494000
2404.6542210000
2406.0855796000
2407.5170237000
2408.9481223000
2410.3793461000
2411.8106968000
2413.2416586000
2414.6724813000
2416.1033000000
2417.5338891000
2418.9646563000
2420.3953527000
2421.8256022000
2423.2558114000
2424.6860576000
2426.1164054000
2427.5462973000
2428.9763158000
2430.4065632000
2431.8361745000
2433.2659276000
2434.6954439000
2436.1250055000
2437.5544635000
2438.9835947000
2440.4128013000
2441.8417228000
2443.2706149000
2444.6996247000
2446.1280901000
2447.5566066000
2448.9853123000
2450.4137540000
2451.8423463000
2453.2704442000
2454.6986084000
2456.1267855000
2457.5545313000
2458.9822416000
2460.4099332000
2461.8378327000
2463.2652903000
2464.6928545000
2466.1201546000
2467.5475051000
2468.9743195000
2470.4011366000
2471.8278698000
2473.2546050000
2474.6807652000
2476.1074539000
2477.5338642000
2478.9600234000
2480.3863391000
2481.8122787000
2483.2381353000
2484.6639898000
2486.0896667000
2487.5148953000
2488.9403466000
2490.3650011000
2491.7900670000
2493.2149837000
2494.6398716000
2496.0647319000
2497.4892361000
2498.9134676000
2500.3377598000
2501.7617320000
2503.1859813000
2504.6095203000
2506.0332978000
2507.4569858000
2508.8805095000
2510.3034792000
2511.7266322000
2513.1497830000
2514.5727293000
2515.9956988000
2517.4182396000
2518.8406814000
2520.2629397000
2521.6850307000
2523.1068655000
2524.5288079000
2525.9502955000
2527.3717453000
2528.7932471000
2530.2143904000
2531.6355309000
2533.0563949000
2534.4769613000
2535.8974477000
2537.3179118000
2538.7383500000
2540.1585155000
2541.5786961000
2542.9983260000
2544.4183567000
2545.8379280000
2547.2571394000
2548.6764007000
2550.0954354000
2551.5142382000
2552.9327742000
2554.3513528000
2555.7696902000
2557.1878361000
2558.6061511000
2560.0240505000
2561.4415434000
2562.8592250000
2564.2765678000
2565.6940305000
2567.1111517000
2568.5280439000
2569.9443750000
2571.3608520000
2572.7770872000
2574.1934111000
2575.6091256000
2577.0249721000
2578.4406227000
2579.8560433000
2581.2714849000
2582.6865166000
2584.1016482000
2585.5160715000
2586.9308588000
2588.3451671000
2589.7592879000
2591.1730996000
2592.5866319000
2594.0002683000
2595.4137038000
2596.8267781000
2598.2397775000
2599.6523281000
2601.0647821000
2602.4772057000
2603.8894183000
2605.3013668000
2606.7130465000
2608.1245951000
2609.5360058000
2610.9471347000
2612.3579134000
2613.7686694000
2615.1789630000
2616.5892192000
2617.9991284000
2619.4089949000
2620.8187308000
2622.2283230000
2623.6376189000
2625.0468015000
2626.4554625000
2627.8641054000
2629.2726195000
2630.6809814000
2632.0887079000
2633.4965338000
2634.9038284000
2636.3110684000
2637.7180198000
2639.1250014000
2640.5317904000
2641.9381515000
2643.3443894000
2644.7502916000
2646.1558228000
2647.5615291000
2648.9668150000
2650.3720935000
2651.7767541000
2653.1813086000
2654.5855892000
2655.9898518000
2657.3937556000
2658.7973482000
2660.2008028000
2661.6037690000
2663.0067965000
2664.4093833000
2665.8116991000
2667.2137721000
2668.6159230000
2670.0174848000
2671.4188921000
2672.8198326000
2674.2207107000
2675.6213484000
2677.0216282000
2678.4218863000
2679.8220676000
2681.2218139000
2682.6212628000
2684.0203695000
2685.4193576000
2686.8182517000
2688.2164387000
2689.6144253000
2691.0119861000
2692.4095516000
2693.8068417000
2695.2036751000
2696.6004694000
2697.9968435000
2699.3932427000
2700.7892172000
2702.1848358000
2703.5804205000
2704.9755890000
2706.3706161000
2707.7649123000
2709.1592079000
2710.5533683000
2711.9472692000
2713.3409446000
2714.7343240000
2716.1274253000
2717.5198359000
2718.9123914000
2720.3045555000
2721.6965500000
2723.0878115000
2724.4789759000
2725.8699759000
2727.2607906000
2728.6509897000
2730.0409356000
2731.4307235000
2732.8202260000
2734.2094003000
2735.5984485000
2736.9871946000
2738.3753693000
2739.7634021000
2741.1513490000
2742.5386373000
2743.9260215000
2745.3127541000
2746.6990451000
2748.0852281000
2749.4709485000
2750.8563566000
2752.2418148000
2753.6269737000
2755.0118960000
2756.3962576000
2757.7804099000
2759.1640573000
2760.5474068000
2761.9305354000
2763.3131065000
2764.6954443000
2766.0775665000
2767.4594690000
2768.8410575000
2770.2221689000
2771.6029666000
2772.9832610000
2774.3634632000
2775.7434222000
2777.1231864000
2778.5021086000
2779.8808573000
2781.2594020000
2782.6373369000
2784.0150131000
2785.3923462000
2786.7694408000
2788.1465084000
2789.5230661000
2790.8992739000
2792.2751958000
2793.6505976000
2795.0257486000
2796.4004312000
2797.7750178000
2799.1492773000
2800.5230427000
2801.8963891000
2803.2695493000
2804.6422684000
2806.0147983000
2807.3866677000
2808.7585193000
2810.1298211000
2811.5007189000
2812.8712003000
2814.2414535000
2815.6110581000
2816.9803182000
2818.3494374000
2819.7182648000
2821.0865983000
2822.4545854000
2823.8220204000
2825.1895306000
2826.5564792000
2827.9230436000
2829.2890557000
2830.6546325000
2832.0203215000
2833.3853677000
2834.7498530000
2836.1138631000
2837.4777859000
2838.8413277000
2840.2043621000
2841.5671243000
2842.9294515000
2844.2915904000
2845.6531865000
2847.0142721000
2848.3747879000
2849.7351272000
2851.0949773000
2852.4544992000
2853.8135066000
2855.1725038000
2856.5307915000
2857.8886003000
2859.2462391000
2860.6034856000
2861.9602362000
2863.3165108000
2864.6725139000
2866.0281590000
2867.3831725000
2868.7378551000
2870.0924561000
2871.4461759000
2872.7996602000
2874.1526001000
2875.5049571000
2876.8574513000
2878.2093163000
2879.5606948000
2880.9114532000
2882.2618050000
2883.6120243000
2884.9617413000
2886.3110413000
2887.6596697000
2889.0077422000
2890.3558963000
2891.7033122000
2893.0504384000
2894.3971016000
2895.7431878000
2897.0887173000
2898.4340717000
2899.7787626000
2901.1230501000
2902.4671737000
2903.8105568000
2905.1537086000
2906.4963746000
2907.8383316000
2909.1801316000
2910.5215036000
2911.8622383000
2913.2026137000
2914.5426090000
2915.8819166000
2917.2211323000
2918.5594526000
2919.8972475000
2921.2347371000
2922.5717090000
2923.9084342000
2925.2447887000
2926.5806145000
2927.9160010000
2929.2508824000
2930.5851363000
2931.9188560000
2933.2522569000
2934.5848853000
2935.9175709000
2937.2495202000
2938.5808292000
2939.9116095000
2941.2419105000
2942.5718757000
2943.9013192000
2945.2304768000
2946.5588181000
2947.8867100000
2949.2142492000
2950.5411398000
2951.8676655000
2953.1934303000
2954.5188957000
2955.8439269000
2957.1685190000
2958.4924371000
2959.8159814000
2961.1389095000
2962.4613705000
2963.7831586000
2965.1046887000
2966.4255905000
2967.7460435000
2969.0659697000
2970.3853473000
2971.7044016000
2973.0227425000
2974.3405418000
2975.6579295000
2976.9748057000
2978.2908903000
2979.6067934000
2980.9218444000
2982.2367558000
2983.5509190000
2984.8645319000
2986.1777895000
2987.4902534000
2988.8023610000
2990.1139468000
2991.4248965000
2992.7353070000
2994.0452086000
2995.3546683000
2996.6634270000
2997.9717356000
2999.2794378000
3000.5865216000
3001.8929994000
3003.1989412000
3004.5046065000
3005.8095148000
3007.1139803000
3008.4176279000
3009.7208876000
3011.0234360000
3012.3255355000
3013.6271319000
3014.9281158000
3016.2285347000
3017.5286041000
3018.8279790000
3020.1266872000
3021.4246955000
3022.7220447000
3024.0192296000
3025.3156549000
3026.6112063000
3027.9064536000
3029.2012446000
3030.4954380000
3031.7888155000
3033.0819111000
3034.3741542000
3035.6658720000
3036.9568781000
3038.2475836000
3039.5375481000
3040.8269661000
3042.1158379000
3043.4037563000
3044.6913835000
3045.9783037000
3047.2647336000
3048.5504464000
3049.8358322000
3051.1201819000
3052.4041947000
3053.6875665000
3054.9703042000
3056.2522572000
3057.5338754000
3058.8144800000
3060.0950650000
3061.3745687000
3062.6535178000
3063.9320938000
3065.2097301000
3066.4867749000
3067.7631352000
3069.0390320000
3070.3140985000
3071.5888761000
3072.8628640000
3074.1359304000
3075.4085821000
3076.6805668000
3077.9518378000
3079.2226307000
3080.4924851000
3081.7617379000
3083.0304117000
3084.2983907000
3085.5658259000
3086.8326559000
3088.0986881000
3089.3645161000
3090.6292960000
3091.8936092000
3093.1571854000
3094.4199625000
3095.6822300000
3096.9436102000
3098.2043416000
3099.4645228000
3100.7238912000
3101.9825481000
3103.2404729000
3104.4976273000
3105.7543472000
3107.0104636000
3108.2658676000
3109.5204460000
3110.7743969000
3112.0275573000
3113.2801449000
3114.5320906000
3115.7830866000
3117.0336763000
3118.2834460000
3119.5325312000
3120.7809526000
3122.0287659000
3123.2757875000
3124.5219595000
3125.7675930000
3127.0123466000
3128.2566372000
3129.4999946000
3130.7426563000
3131.9847279000
3133.2258933000
3134.4664764000
3135.7061915000
3136.9453417000
3138.1836078000
3139.4210824000
3140.6581021000
3141.8940583000
3143.1294722000
3144.3641620000
3145.5980551000
3146.8314022000
3148.0635826000
3149.2952536000
3150.5261811000
3151.7563356000
3152.9857679000
3154.2144507000
3155.4424355000
3156.6695797000
3157.8958799000
3159.1215375000
3160.3464368000
3161.5708413000
3162.7941031000
3164.0167798000
3165.2385003000
3166.4596860000
3167.6799657000
3168.8995448000
3170.1182852000
3171.3364377000
3172.5534856000
3173.7699073000
3174.9854689000
3176.2005477000
3177.4145043000
3178.6276534000
3179.8400406000
3181.0516523000
3182.2626312000
3183.4726137000
3184.6819657000
3185.8904324000
3187.0979953000
3188.3049136000
3189.5107299000
3190.7158595000
3191.9203088000
3193.1240401000
3194.3267618000
3195.5286974000
3196.7298511000
3197.9300905000
3199.1294891000
3200.3281093000
3201.5260256000
3202.7231348000
3203.9193657000
3205.1145387000
3206.3089892000
3207.5025465000
3208.6954202000
3209.8872260000
3211.0783451000
3212.2687797000
3213.4584163000
3214.6471545000
3215.8350361000
3217.0218434000
3218.2079391000
3219.3931598000
3220.5774593000
3221.7610606000
3222.9436933000
3224.1254340000
3225.3065317000
3226.4864985000
3227.6656206000
3228.8440092000
3230.0214855000
3231.1977838000
3232.3735175000
3233.5482403000
3234.7221295000
3235.8950556000
3237.0673994000
3238.2385230000
3239.4089350000
3240.5785542000
3241.7469686000
3242.9147480000
3244.0813253000
3245.2470426000
3246.4118912000
3247.5759415000
3248.7390018000
3249.9009758000
3251.0622257000
3252.2225127000
3253.3818390000
3254.5403361000
3255.6981388000
3256.8548846000
3258.0106553000
3259.1654246000
3260.3193456000
3261.4720830000
3262.6240554000
3263.7749636000
3264.9251535000
3266.0742576000
3267.2224949000
3268.3697577000
3269.5161640000
3270.6613941000
3271.8059815000
3272.9494322000
3274.0919559000
3275.2334979000
3276.3740648000
3277.5137128000
3278.6523256000
3279.7901020000
3280.9268624000
3282.0628028000
3283.1977033000
3284.3312557000
3285.4642168000
3286.5958147000
3287.7268233000
3288.8567427000
3289.9855732000
3291.1135131000
3292.2405148000
3293.3664678000
3294.4915072000
3295.6153232000
3296.7381188000
3297.8601986000
3298.9809953000
3300.1009767000
3301.2198723000
3302.3378847000
3303.4549210000
3304.5708909000
3305.6856133000
3306.7994498000
3307.9119159000
3309.0236976000
3310.1342780000
3311.2438056000
3312.3524101000
3313.4601051000
3314.5668268000
3315.6723302000
3316.7769060000
3317.8804152000
3318.9827246000
3320.0840526000
3321.1844477000
3322.2835311000
3323.3817886000
3324.4787848000
3325.5749338000
3326.6699335000
3327.7640183000
3328.8568364000
3329.9485942000
3331.0391982000
3332.1289596000
3333.2174229000
3334.3051043000
3335.3916624000
3336.4767798000
3337.5610223000
3338.6443677000
3339.7265394000
3340.8076115000
3341.8873968000
3342.9661290000
3344.0436345000
3345.1202767000
3346.1957298000
3347.2700662000
3348.3431259000
3349.4151230000
3350.4860466000
3351.5557194000
3352.6244459000
3353.6920027000
3354.7583881000
3355.8235925000
3356.8879323000
3357.9508784000
3359.0127384000
3360.0733530000
3361.1330829000
3362.1915807000
3363.2488250000
3364.3048709000
3365.3598338000
3366.4135085000
3367.4661191000
3368.5178202000
3369.5679993000
3370.6172449000
3371.6653742000
3372.7120943000
3373.7576860000
3374.8021895000
3375.8454437000
3376.8875744000
3377.9282102000
3378.9680667000
3380.0066363000
3381.0439803000
3382.0799773000
3383.1148502000
3384.1485516000
3385.1811533000
3386.2124202000
3387.2427197000
3388.2718337000
3389.2993317000
3390.3258615000
3391.3511011000
3392.3748876000
3393.3977150000
3394.4194618000
3395.4399054000
3396.4590404000
3397.4768892000
3398.4935870000
3399.5090486000
3400.5232561000
3401.5363060000
3402.5480833000
3403.5584527000
3404.5675173000
3405.5755612000
3406.5821954000
3407.5874986000
3408.5916262000
3409.5945304000
3410.5959593000
3411.5962616000
3412.5952455000
3413.5930285000
3414.5894962000
3415.5845880000
3416.5783736000
3417.5711287000
3418.5624793000
3419.5524223000
3420.5411865000
3421.5285705000
3422.5145655000
3423.4992412000
3424.4825831000
3425.4646314000
3426.4453352000
3427.4248728000
3428.4029378000
3429.3797969000
3430.3553990000
3431.3295830000
3432.3022947000
3433.2737464000
3434.2440080000
3435.2129913000
3436.1806377000
3437.1468671000
3438.1117116000
3439.0751057000
3440.0372697000
3440.9981018000
3441.9576464000
3442.9157214000
3443.8723460000
3444.8278420000
3445.7817727000
3446.7343025000
3447.6854462000
3448.6351750000
3449.5836249000
3450.5306320000
3451.4761127000
3452.4204375000
3453.3633049000
3454.3045914000
3455.2445217000
3456.1831362000
3457.1203322000
3458.0561362000
3458.9906480000
3459.9235411000
3460.8551670000
3461.7853131000
3462.7140769000
3463.6414009000
3464.5672083000
3465.4916924000
3466.4147224000
3467.3362813000
3468.2563413000
3469.1749701000
3470.0921237000
3471.0078190000
3471.9220786000
3472.8348524000
3473.7461545000
3474.6560753000
3475.5645884000
3476.4716043000
3477.3769856000
3478.2809764000
3479.1834153000
3480.0843361000
3480.9838725000
3481.8817453000
3482.7781543000
3483.6731010000
3484.5666875000
3485.4587584000
3486.3491545000
3487.2381818000
3488.1257109000
3489.0116139000
3489.8958496000
3490.7787264000
3491.6601511000
3492.5400192000
3493.4186036000
3494.2955019000
3495.1706301000
3496.0443797000
3496.9165533000
3497.7872390000
3498.6563561000
3499.5237916000
3500.3897583000
3501.2541399000
3502.1168928000
3502.9779322000
3503.8377056000
3504.6958483000
3505.5523174000
3506.4072246000
3507.2606426000
3508.1123620000
3508.9624094000
3509.8110700000
3510.6580632000
3511.5033087000
3512.3470572000
3513.1891962000
3514.0298001000
3514.8685306000
3515.7057744000
3516.5414226000
3517.3755190000
3518.2079335000
3519.0387329000
3519.8678414000
3520.6954998000
3521.5214405000
3522.3454892000
3523.1679920000
3523.9888008000
3524.8080441000
3525.6257397000
3526.4416511000
3527.2557964000
3528.0683687000
3528.8793294000
3529.6886800000
3530.4961561000
3531.3020270000
3532.1062914000
3532.9088177000
3533.7096083000
3534.5088232000
3535.3063610000
3536.1022441000
3536.8963293000
3537.6886782000
3538.4792388000
3539.2681265000
3540.0552962000
3540.8408120000
3541.6245349000
3542.4065702000
3543.1868860000
3543.9652950000
3544.7419452000
3545.5170182000
3546.2902817000
3547.0616515000
3547.8314942000
3548.5994347000
3549.3655838000
3550.1300822000
3550.8927322000
3551.6536910000
3552.4127827000
3553.1701567000
3553.9257296000
3554.6795191000
3555.4315335000
3556.1818915000
3556.9301497000
3557.6767837000
3558.4215644000
3559.1646297000
3559.9056808000
3560.6449437000
3561.3824042000
3562.1181104000
3562.8518876000
3563.5840164000
3564.3141262000
3565.0425165000
3565.7687364000
3566.4934421000
3567.2163790000
3567.9372419000
3568.6563397000
3569.3736355000
3570.0890527000
3570.8023175000
3571.5141753000
3572.2238465000
3572.9317452000
3573.6377175000
3574.3416719000
3575.0437853000
3575.7439584000
3576.4422192000
3577.1386422000
3577.8332147000
3578.5259214000
3579.2166540000
3579.9053520000
3580.5923782000
3581.2773529000
3581.9603501000
3582.6414324000
3583.3205855000
3583.9977203000
3584.6729956000
3585.3462778000
3586.0176588000
3586.6870574000
3587.3546510000
3588.0201707000
3588.6834683000
3589.3450706000
3590.0046464000
3590.6621592000
3591.3178803000
3591.9713229000
3592.6229307000
3593.2724858000
3593.9200677000
3594.5654850000
3595.2090301000
3595.8505882000
3596.4902142000
3597.1278380000
3597.7632902000
3598.3966007000
3599.0280313000
3599.6574764000
3600.2848120000
3600.9100927000
3601.5332917000
3602.1544436000
3602.7735236000
3603.3904505000
3604.0055554000
3604.6182680000
3605.2291391000
3605.8378455000
3606.4443272000
3607.0488382000
3607.6511711000
3608.2515103000
3608.8497419000
3609.4459672000
3610.0399720000
3610.6317337000
3611.2215788000
3611.8092140000
3612.3948082000
3612.9782093000
3613.5594300000
3614.1386770000
3614.7157308000
3615.2904353000
3615.8630559000
3616.4335267000
3617.0018735000
3617.5681420000
3618.1320980000
3618.6938437000
3619.2535203000
3619.8111218000
3620.3664750000
3620.9194822000
3621.4702592000
3622.0190714000
3622.5652915000
3623.1095512000
3623.6516604000
3624.1913850000
3624.7289578000
3625.2641855000
3625.7972142000
3626.3281255000
3626.8567099000
3627.3829579000
3627.9071911000
3628.4292330000
3628.9487611000
3629.4660670000
3629.9809631000
3630.4938363000
3631.0045174000
3631.5127418000
3632.0187002000
3632.5223667000
3633.0236624000
3633.5227828000
3634.0193955000
3634.5137422000
3635.0057528000
3635.4955988000
3635.9829715000
3636.4682193000
3636.9509233000
3637.4312698000
3637.9092788000
3638.3850298000
3638.8582523000
3639.3292632000
3639.7979051000
3640.2641512000
3640.7279452000
3641.1894143000
3641.6484793000
3642.1050694000
3642.5592558000
3643.0111278000
3643.4606813000
3643.9079013000
3644.3527442000
3644.7949652000
3645.2346804000
3645.6720699000
3646.1071080000
3646.5395689000
3646.9695808000
3647.3970652000
3647.8220317000
3648.2447675000
3648.6648394000
3649.0826157000
3649.4978382000
3649.9105900000
3650.3208066000
3650.7284624000
3651.1339814000
3651.5366915000
3651.9370711000
3652.3348344000
3652.7300724000
3653.1227151000
3653.5128512000
3653.9004579000
3654.2854773000
3654.6680429000
3655.0480016000
3655.4253589000
3655.8002190000
3656.1725076000
3656.5422768000
3656.9094677000
3657.2739770000
3657.6359260000
3657.9954635000
3658.3520922000
3658.7061959000
3659.0577748000
3659.4066948000
3659.7529325000
3660.0965122000
3660.4377121000
3660.7759223000
3661.1115289000
3661.4446436000
3661.7750097000
3662.1027270000
3662.4278927000
3662.7503934000
3663.0700274000
3663.3870355000
3663.7012944000
3664.0130150000
3664.3219245000
3664.6281714000
3664.9316307000
3665.2324227000
3665.5305303000
3665.8256864000
3666.1182060000
3666.4080301000
3666.6950649000
3666.9793663000
3667.2608881000
3667.5397702000
3667.8157302000
3668.0888457000
3668.3591152000
3668.6267254000
3668.8915012000
3669.1535047000
3669.4125589000
3669.6687194000
3669.9222059000
3670.1728358000
3670.4206761000
3670.6655879000
3670.9075778000
3671.1466801000
3671.3829606000
3671.6163414000
3671.8467975000
3672.0744362000
3672.2992966000
3672.5211456000
3672.7400881000
3672.9562364000
3673.1693692000
3673.3795942000
3673.5867427000
3673.7909737000
3673.9923277000
3674.1907663000
3674.3862314000
3674.5788179000
3674.7682000000
3674.9546709000
3675.1382484000
3675.3186437000
3675.4960237000
3675.6704459000
3675.8419034000
3676.0103257000
3676.1757692000
3676.3380822000
3676.4973434000
3676.6536565000
3676.8067764000
3676.9567856000
3677.1038223000
3677.2476396000
3677.3884611000
3677.5260056000
3677.6605029000
3677.7919306000
3677.9202842000
3678.0453311000
3678.1672773000
3678.2861181000
3678.4017213000
3678.5142578000
3678.6236426000
3678.7298283000
3678.8327875000
3678.9325086000
3679.0290163000
3679.1223656000
3679.2124762000
3679.2994113000
3679.3829831000
3679.4631947000
3679.5403069000
3679.6142599000
3679.6848091000
3679.7520713000
3679.8159844000
3679.8765835000
3679.9338716000
3679.9878845000
3680.0385232000
3680.0858334000
3680.1298421000
3680.1704987000
3680.2077801000
3680.2415966000
3680.2721690000
3680.2994470000
3680.3231112000
3680.3434533000
3680.3602988000
3680.3737383000
3680.3838782000
3680.3903401000
3680.3934290000
3680.3931160000
3680.3892753000
3680.3819576000
3680.3711730000
3680.3568605000
3680.3390142000
3680.3175521000
3680.2926361000
3680.2641990000
3680.2322004000
3680.1965886000
3680.1575292000
3680.1146956000
3680.0684436000
3680.0186140000
3679.9650723000
3679.9077672000
3679.8468169000
3679.7824267000
3679.7143416000
3679.6425628000
3679.5670238000
3679.4878064000
3679.4049508000
3679.3183020000
3679.2278541000
3679.1337607000
3679.0359331000
3678.9344756000
3678.8291157000
3678.7200520000
3678.6069784000
3678.4901017000
3678.3694819000
3678.2450516000
3678.1167319000
3677.9845337000
3677.8487161000
3677.7088003000
3677.5651598000
3677.4175641000
3677.2660117000
3677.1105498000
3676.9510798000
3676.7877544000
3676.6204164000
3676.4490497000
3676.2737561000
3676.0943922000
3675.9110618000
3675.7237379000
3675.5324808000
3675.3370050000
3675.1374237000
3674.9337762000
3674.7259885000
3674.5140947000
3674.2981003000
3674.0780622000
3673.8536557000
3673.6251905000
3673.3925627000
3673.1556899000
3672.9146327000
3672.6692718000
3672.4197911000
3672.1660429000
3671.9079874000
3671.6456022000
3671.3790093000
3671.1081811000
3670.8329735000
3670.5533397000
3670.2692877000
3669.9809474000
3669.6881808000
3669.3907733000
3669.0892002000
3668.7831624000
3668.4726916000
3668.1576397000
3667.8380321000
3667.5139544000
3667.1852974000
3666.8521112000
3666.5143500000
3666.1722135000
3665.8253444000
3665.4739539000
3665.1177805000
3664.7569464000
3664.3914085000
3664.0212413000
3663.6463804000
3663.2668189000
3662.8824959000
3662.4933331000
3662.0993499000
3661.7007557000
3661.2972026000
3660.8888298000
3660.4756017000
3660.0574840000
3659.6345174000
3659.2065192000
3658.7736354000
3658.3358550000
3657.8930941000
3657.4452810000
3656.9923884000
3656.5343161000
3656.0712016000
3655.6031430000
3655.1299477000
3654.6516450000
3654.1682332000
3653.6795383000
3653.1856444000
3652.6865142000
3652.1819828000
3651.6722223000
3651.1574063000
3650.6369266000
3650.1112878000
3649.5800858000
3649.0435095000
3648.5015623000
3647.9542031000
3647.4012913000
3646.8428286000
3646.2788570000
3645.7092785000
3645.1339969000
3644.5533685000
3643.9670661000
3643.3750579000
3642.7774945000
3642.1738327000
3641.5645811000
3640.9492632000
3640.3284083000
3639.7014903000
3639.0689319000
3638.4306634000
3637.7861873000
3637.1357676000
3636.4792646000
3635.8167684000
3635.1481705000
3634.4735293000
3633.7926377000
3633.1057380000
3632.4125529000
3631.7131114000
3631.0075171000
3630.2953333000
3629.5768998000
3628.8519835000
3628.1208234000
3627.3832991000
3626.6392010000
3625.8884533000
3625.1313386000
3624.3677334000
3623.5971956000
3622.8200907000
3622.0360561000
3621.2454222000
3620.4480324000
3619.6435949000
3618.8324211000
3618.0141749000
3617.1888800000
3616.3566969000
3615.5171945000
3614.6705685000
3613.8169756000
3612.9560093000
3612.0877624000
3611.2126498000
3610.3297688000
3609.4396498000
3608.5418643000
3607.6367746000
3606.7240137000
3605.8036374000
3604.8755828000
3603.9397123000
3602.9960755000
3602.0447571000
3601.0855945000
3600.1184124000
3599.1430713000
3598.1597359000
3597.1682256000
3596.1685558000
3595.1606018000
3594.1445601000
3593.1199874000
3592.0870141000
3591.0453048000
3589.9950324000
3588.9364165000
3587.8689094000
3586.7924187000
3585.7072726000
3584.6131695000
3583.5098788000
3582.3977633000
3581.2760728000
3580.1451549000
3579.0050562000
3577.8554713000
3576.6965533000
3575.5277917000
3574.3495523000
3573.1614010000
3571.9634007000
3570.7553493000
3569.5374130000
3568.3093874000
3567.0709463000
3565.8221409000
3564.5628324000
3563.2929732000
3562.0127167000
3560.7214066000
3559.4194424000
3558.1067546000
3556.7826844000
3555.4471276000
3554.1001928000
3552.7419364000
3551.3721543000
3549.9907806000
3548.5972217000
3547.1919406000
3545.7744626000
3544.3446655000
3542.9023192000
3541.4473024000
3539.9795268000
3538.4986887000
3537.0049264000
3535.4978766000
3533.9770956000
3532.4432136000
3530.8951526000
3529.3333443000
3527.7575556000
3526.1673129000
3524.5622321000
3522.9429683000
3521.3085151000
3519.6585623000
3517.9936040000
3516.3130946000
3514.6163705000
3512.9036563000
3511.1741014000
3509.4281999000
3507.6652191000
3505.8852145000
3504.0877108000
3502.2721764000
3500.4382582000
3498.5864093000
3496.7146773000
3494.8242240000
3492.9143235000
3490.9852841000
3489.0352250000
3487.0641007000
3485.0722077000
3483.0585297000
3481.0229577000
3478.9649543000
3476.8836767000
3474.7783567000
3472.6494061000
3470.4950149000
3468.3155294000
3466.1098003000
3463.8775822000
3461.6175907000
3459.3298448000
3457.0126754000
3454.6655832000
3452.2872564000
3449.8773016000
3447.4345250000
3444.9581250000
3442.4461475000
3439.8977560000
3437.3114751000
3434.6866542000
3432.0204777000
3429.3110545000
3426.5568787000
3423.7568355000
3420.9076039000
3418.0071003000
3415.0525622000
3412.0403006000
3408.9678350000
3405.8298861000
3402.6244032000
3399.3432340000
3395.9821902000
3392.5354215000
3388.9932970000
3385.3446680000
3381.5781418000
3377.6776420000
3373.6235991000
3369.3873301000
3364.9278274000
3360.1805706000
3355.0280099000
3349.1801162000
