1.3862940000
7.6632532308
8.7711590769
11.4098730000
13.1827179231
14.9133491538
17.5330619231
18.9727927692
20.7424786923
23.0453153846
24.4870467692
26.2453063077
28.3445126923
29.9265795385
31.6237420769
33.4829996154
35.1218848462
36.8505533077
38.5363247692
40.2405467692
41.8511960769
43.5665802308
45.2492386923
46.8854796154
48.5480855385
50.1194491538
51.7607568462
53.3645513846
55.0191443846
56.6317246154
58.2650029231
59.8540349231
61.4532329231
63.0595523846
64.6563745385
66.2476732308
67.8253741538
69.4201901538
70.9979433846
72.5722823846
74.1286990769
75.7263942308
77.3496497692
78.9138863077
80.4983786923
82.0663205385
83.6558933846
85.2420920769
86.7897673846
88.3836485385
89.9573052308
91.5522176923
93.1342237692
94.6914112308
96.2371013077
97.8135236923
99.3651250000
100.9235879231
102.4904826923
104.0266497692
105.5811746923
107.1331788462
108.6814153077
110.2257408462
111.7592458462
113.2978155385
114.8212224615
116.3539370000
117.8745073077
119.3703952308
120.8569208462
122.3454520769
123.8303766154
125.3196362308
126.7932646923
128.2484390769
129.7174730000
131.1497961538
132.6012283077
134.0310862308
135.4458170000
136.8037507692
138.2087814615
139.5926118462
140.9730706923
142.3266723077
143.6912659231
145.0115091538
146.3357390000
147.6632196154
148.9588510769
150.2492186923
151.5120203077
152.7585966923
154.0024383077
155.2089537692
156.4340168462
157.6353560000
158.8214039231
160.0006857692
161.1283766923
162.2572332308
163.3721204615
164.4775124615
165.5683242308
166.6458681538
167.6985110000
168.7458197692
169.7901964615
170.8000421538
171.8014334615
172.7875879231
173.7534286923
174.6888823077
175.6258063077
176.5280817692
177.4253810000
178.3004316923
179.1492113846
180.0031818462
180.8200791538
181.6326307692
182.4223590769
183.1963612308
183.9491416923
184.6734566923
185.3858433846
186.0855459231
186.7499228462
187.4087490769
188.0522058462
188.6626396923
189.2661093846
189.8411625385
190.4018114615
190.9408031538
191.4758550000
191.9683147692
192.4457424615
192.9203064615
193.3511409231
193.7753220000
194.1725206154
194.5452705385
194.8964553077
195.2391393846
195.5620383077
195.8676685385
196.1353318462
196.3810161538
196.6034609231
196.8160079231
196.9935353077
197.1463335385
197.2780889231
197.3961736154
197.4851763077
197.5483796923
197.5887897692
197.6057234615
197.6013241538
197.5772822308
197.5193771538
197.4235076154
197.3114158462
197.1841508462
197.0228450769
196.8378622308
196.6366368462
196.3912844615
196.1212566154
195.8144146923
195.4890317692
195.1263631538
194.7413216154
194.3121698462
193.8555232308
193.3789265385
192.8604386923
192.3162310000
191.7226273077
191.1148871538
190.4648025385
189.7637370769
189.0384013846
188.2552746154
187.4495237692
186.5950924615
185.7014113846
184.7572745385
183.7708450769
182.7488213077
181.6959986154
180.5648550000
179.3844290000
178.1426420769
176.8479301538
175.5105021538
174.0655572308
172.5917829231
171.0268192308
169.3864118462
167.6733918462
165.8781535385
163.9572429231
161.9534020769
159.8169645385
157.5254993846
155.1083831538
152.5467742308
149.7281113077
146.6316873846
143.2283014615
139.0786836923
