1.3862940000
2.8549414000
4.2058596000
5.4835067000
6.7113954000
7.8729322000
8.9992646000
10.0844080000
11.1237685000
12.1471585000
13.1031055000
14.0205031000
14.9021228000
15.7284518000
16.5190473000
17.2885402000
18.0181486000
18.6991277000
19.3380732000
19.9444989000
20.5056868000
21.0255301000
21.5143973000
21.9508099000
22.3479066000
22.7082550000
23.0289209000
23.2976431000
23.5336645000
23.7159894000
23.8642870000
23.9647682000
24.0273360000
24.0315435000
24.0017629000
23.9093359000
23.7799109000
23.5916618000
23.3670185000
23.0754188000
22.7366481000
22.3390417000
21.8898657000
21.3820183000
20.8025271000
20.1600279000
19.4455449000
18.6558007000
17.8065126000
16.8729285000
15.8609728000
14.7500422000
13.5535327000
12.1606430000
