1.3862940000
2.8554592727
4.2510468182
5.5801862727
6.9039803636
8.1765096364
9.4208604545
10.6542005455
11.8369304545
13.0197717273
14.1558892727
15.2626274545
16.3671805455
17.4335186364
18.4865930909
19.5254302727
20.5424798182
21.5419900000
22.4977549091
23.4603188182
24.3730967273
25.2752583636
26.1528572727
27.0166504545
27.8568099091
28.6661575455
29.4543357273
30.2219396364
30.9657574545
31.7038530000
32.4169070000
33.0998838182
33.7640784545
34.4055482727
35.0250991818
35.6134741818
36.1867111818
36.7424303636
37.2613682727
37.7785181818
38.2612799091
38.7211506364
39.1573450909
39.5827004545
39.9761677273
40.3350950000
40.6762695455
40.9861253636
41.2852780909
41.5464525455
41.7951788182
42.0201009091
42.2176455455
42.3982313636
42.5450636364
42.6650281818
42.7575050000
42.8167305455
42.8599347273
42.8749290909
42.8714820909
42.8338538182
42.7761608182
42.6856080000
42.5681413636
42.4181580909
42.2388718182
42.0378784545
41.7985210000
41.5440151818
41.2462918182
40.9295234545
40.5613447273
40.1703702727
39.7524787273
39.2991636364
38.8105510909
38.2889112727
37.7239857273
37.1254463636
36.4869814545
35.8131980000
35.1059693636
34.3399744545
33.5354350000
32.6947337273
31.8084163636
30.8738609091
29.8793756364
28.8596254545
27.7849042727
26.6688539091
25.5101390909
24.2889781818
22.9981115455
21.5799557273
