1.3862940000
97.7936315455
110.8938169091
109.6938125455
111.5370826364
116.0364695455
116.6221340909
118.0821952727
120.7102297273
121.8698828182
123.4340475455
125.3244721818
126.8007690000
128.3743511818
130.0322642727
131.6313304545
133.1874370909
134.7662601818
136.3230331818
137.9059590909
139.4452025455
140.9961942727
142.5138273636
144.0935623636
145.6272072727
147.1487704545
148.6675254545
150.1986229091
151.7224155455
153.2253843636
154.7045030000
156.1963869091
157.6761081818
159.1593208182
160.6093738182
162.0515150000
163.4644402727
164.8390581818
166.2167094545
167.5455073636
168.8715804545
170.1509270000
171.4259571818
172.6402722727
173.8315718182
175.0023030909
176.1355851818
177.2441230000
178.2985414545
179.3333527273
180.3181901818
181.2628370000
182.1715042727
183.0425192727
183.8727191818
184.6504835455
185.4034785455
186.1054596364
186.7811730000
187.3979951818
187.9598059091
188.5016643636
188.9792586364
189.4194786364
189.8150410000
190.1599562727
190.4609591818
190.7082073636
190.8997026364
191.0535555455
191.1525650909
191.2026143636
191.1873440909
191.1213373636
190.9998339091
190.8119227273
190.5753730909
190.2626400000
189.8813160000
189.4515514545
188.9189813636
188.3212835455
187.6386125455
186.8733528182
186.0114157273
185.0514677273
183.9875042727
182.7929385455
181.4777581818
180.0505908182
178.4517183636
176.6681218182
174.6846994545
172.4150417273
169.7390382727
166.4622658182
