1.3862940000
5.1018008333
10.7654608333
10.1393366667
11.7570588333
15.2156166667
15.9461708333
17.4758615000
19.5612665000
20.8946260000
22.4171986667
24.0474278333
25.5546303333
27.0696803333
28.5684040000
30.0648195000
31.5470238333
33.0192921667
34.4348561667
35.8363415000
37.2488480000
38.5926578333
39.9150091667
41.1962995000
42.4457858333
43.6398530000
44.7515095000
45.7962045000
46.7673545000
47.7177713333
48.5507960000
49.3146778333
50.0063293333
50.6216510000
51.1783713333
51.6245913333
52.0057358333
52.3094548333
52.5192313333
52.6435415000
52.6719373333
52.6139970000
52.4506558333
52.1652550000
51.7553293333
51.2078013333
50.5516565000
49.7339705000
48.7449688333
47.5412656667
46.1306818333
44.4557148333
42.4083996667
39.7702363333
