E   S
39.990002 	 -201.94363793379864
39.980003 	 -202.27939005032934
39.970001 	 -201.4073476500261
39.960003 	 -201.5900352738144
39.950001 	 -201.6938809992772
39.940002 	 -201.81375890947
39.93 	 -201.49406000457284
39.920002 	 -201.1846380368825
39.910004 	 -201.5916535493033
39.900002 	 -201.32833409174546
39.890003 	 -201.2558834380294
39.880001 	 -201.4959833824853
39.870003 	 -201.00533215739958
39.860001 	 -201.00588130815527
39.850002 	 -200.95150079688003
39.840004 	 -201.49799790872237
39.830002 	 -201.188575941032
39.820004 	 -201.06399934689435
39.810001 	 -201.33248608410014
39.800003 	 -200.34327642409255
39.790001 	 -198.59628566965688
39.780003 	 -197.36039942924143
39.77 	 -196.5072237632469
39.760002 	 -196.0703597883915
39.750004 	 -195.90540332340464
39.740002 	 -195.84592927389477
39.730003 	 -195.91700551281636
39.720001 	 -196.07045345566422
39.710003 	 -196.22916474542242
39.700001 	 -196.43375434278192
39.690002 	 -196.7013815042354
39.68 	 -196.90690041582386
39.670002 	 -197.1235660763737
39.66 	 -197.3311318321752
39.650002 	 -197.61250746189592
39.639999 	 -197.81914113093762
39.630001 	 -198.04905486641186
39.620003 	 -198.27113669419023
39.610001 	 -198.49946371490728
39.600002 	 -198.74919279669695
39.59 	 -198.9506353686615
39.580002 	 -199.1679513662134
39.57 	 -199.29651351694113
39.560001 	 -199.5587889877389
39.550003 	 -199.70796392169507
39.540001 	 -199.91587645209378
39.529999 	 -200.13689905153876
39.52 	 -200.326729286229
39.510002 	 -200.47977668486925
39.5 	 -200.66411452712939
39.490002 	 -200.82971621331376
39.480003 	 -200.9162155001412
39.470001 	 -201.3038469087145
39.459999 	 -201.5814401533618
39.450001 	 -201.44334468367185
39.440002 	 -201.65433491398665
39.43 	 -201.992283584998
39.420002 	 -201.9692322946696
39.41 	 -202.1286395687701
39.400002 	 -202.35331996522007
39.390003 	 -202.55017211984858
39.380001 	 -202.74177966685127
39.369999 	 -202.42956471702195
39.360001 	 -202.79808281173808
39.350002 	 -203.48995930633674
39.34 	 -202.98013625770855
39.330002 	 -203.05067953350814
39.32 	 -203.20525730452587
39.310001 	 -203.89877055208018
39.300003 	 -203.8989535688267
39.290001 	 -203.89913658557327
39.279999 	 -204.30478471042798
39.27 	 -203.8994416097624
39.260002 	 -204.07867285795794
39.25 	 -204.07882586966363
39.240002 	 -204.07897888136932
39.230003 	 -204.99869595029415
39.220001 	 -203.90014466348663
39.210003 	 -204.30579278834134
39.200001 	 -204.07949791912475
39.190002 	 -203.74411283720102
39.18 	 -204.99942901095085
39.170002 	 -205.6763766724996
39.160004 	 -204.99952101329194
39.150002 	 -203.9009697264844
39.140003 	 -204.30661785133913
39.130001 	 -204.30673985878173
39.120003 	 -203.29377175099438
39.110001 	 -203.3909071908108
39.100002 	 -204.08108609254774
39.09 	 -203.90219087280445
39.080002 	 -204.59007146534336
39.070004 	 -204.59016346957563
39.060001 	 -203.90255789801552
39.050003 	 -204.59043849055445
39.040001 	 -203.90283291899436
39.030003 	 -203.90301593574088
39.02 	 -203.29557394536567
39.010002 	 -203.9035350089481
39.0 	 -203.29609301857286
38.990002 	 -203.74756421997483
38.980003 	 -203.4969831602314
38.970001 	 -203.49725819805082
38.960003 	 -203.6171361082436
38.950001 	 -202.86264448014376
38.940002 	 -203.05828348480813
38.93 	 -203.21286125582586
38.920002 	 -203.13192437553437
38.910004 	 -203.29914657508374
38.900002 	 -203.29948263154438
38.890003 	 -203.0601458347396
38.880001 	 -202.7543288356182
38.870003 	 -202.99106792330954
38.860001 	 -202.81029677082822
38.850002 	 -202.40477383318398
38.840004 	 -202.56583529874226
38.830002 	 -202.86856706611954
38.820004 	 -203.13705380332533
38.810001 	 -202.44556394120303
38.800003 	 -201.04039627049372
38.790001 	 -199.4174007572815
38.780003 	 -198.4723536824008
38.77 	 -197.92619034755634
38.760002 	 -197.66037214496964
38.750004 	 -197.6117894907171
38.740002 	 -197.68699742487667
38.730003 	 -197.81510164094476
38.720001 	 -197.99544209960683
38.710003 	 -198.17133219564866
38.700001 	 -198.410810792489
38.690002 	 -198.69565373509766
38.68 	 -198.92644244398733
38.670002 	 -199.13940453174916
38.66 	 -199.4002402145574
38.650002 	 -199.69298351465204
38.639999 	 -199.88417663095066
38.630001 	 -200.1637491291864
38.619999 	 -200.3590588984813
38.610001 	 -200.60315199426674
38.600002 	 -200.90547953261992
38.59 	 -201.0512061267126
38.580002 	 -201.14477286166596
38.57 	 -201.51812863074505
38.560001 	 -201.7308236818704
38.550003 	 -201.85467352797173
38.540001 	 -202.0571823973513
38.529999 	 -202.27714239953866
38.52 	 -202.27726555991043
38.510002 	 -202.6040834547436
38.5 	 -202.74577352636464
38.490002 	 -203.00574552864856
38.48 	 -203.06644698598305
38.470001 	 -203.143091235789
38.460003 	 -203.3274595513115
38.450001 	 -203.55271508936497
38.440002 	 -203.8164785963991
38.43 	 -203.95158279701747
38.420002 	 -204.0417077352132
38.41 	 -204.07492929577973
38.400002 	 -204.21394778266253
38.390003 	 -204.87215863901798
38.380001 	 -204.73905433758392
38.370003 	 -204.51639890538044
38.360001 	 -204.3765346446477
38.350002 	 -205.21085851858345
38.34 	 -204.8746913284842
38.330002 	 -204.94796615221608
38.32 	 -205.7228133588872
38.310001 	 -205.90204460708276
38.300003 	 -205.4354673148877
38.290001 	 -206.41109099290466
38.280003 	 -205.4358033488928
38.27 	 -205.72372945111738
38.260002 	 -206.4116100436563
38.25 	 -205.9030527035452
38.240002 	 -207.4996564321582
38.23 	 -206.41188606007478
38.220001 	 -206.41197806430705
38.210003 	 -206.82298478141507
38.200001 	 -205.72443349460752
38.190002 	 -205.90366474280307
38.18 	 -206.13023463116795
38.170002 	 -206.13035663861055
38.160004 	 -205.90406176939396
38.150002 	 -205.72516654965068
38.140003 	 -205.43766749394544
38.130001 	 -205.5691037339896
38.120003 	 -206.4135051948637
38.110001 	 -205.72589962330358
38.100002 	 -205.72608264005015
38.09 	 -206.8248779454648
38.080002 	 -206.8249389473254
38.070004 	 -206.82499994918598
38.060001 	 -205.90549689382743
38.050003 	 -206.1320667821923
38.040001 	 -205.5702338193463
38.030003 	 -205.726937704428
38.02 	 -204.74629146816284
38.010002 	 -205.57111897810486
38.0 	 -205.90687109463556
37.990002 	 -204.88067801450507
37.980003 	 -205.44072089363095
37.970001 	 -205.3213620510304
37.960003 	 -205.57243217149454
37.950001 	 -205.57264619439582
37.940002 	 -204.95489995163175
37.93 	 -204.68732942797843
37.920002 	 -205.03711911247007
37.910004 	 -205.03748517946443
37.900002 	 -204.19055338607157
37.890003 	 -204.8144697606117
37.880001 	 -204.63369860813037
37.870003 	 -204.57931809685513
37.860001 	 -204.34714585469936
37.850002 	 -204.26783541506862
37.840004 	 -204.02972105857575
37.830002 	 -204.30820142737497
37.820004 	 -204.0617360978493
37.810001 	 -203.43458268279318
37.800003 	 -201.80718553026628
37.790001 	 -200.45840108376177
37.780003 	 -199.81493746347803
37.77 	 -199.5149988972906
37.760002 	 -199.41880647936333
37.750004 	 -199.43270273396385
37.740002 	 -199.56316996514713
37.730003 	 -199.7515475930348
37.720001 	 -199.96769740240745
37.710003 	 -200.1985842915696
37.700001 	 -200.49240583808432
37.690002 	 -200.70598124488137
37.68 	 -200.98168309675515
37.670002 	 -201.23589551081488
37.660004 	 -201.50404850115137
37.650002 	 -201.7590686424038
37.639999 	 -201.93664856478586
37.630001 	 -202.24934426818638
37.619999 	 -202.43050069460466
37.610001 	 -202.73114703007784
37.600002 	 -202.9166609520614
37.59 	 -203.1208981324003
37.580002 	 -203.39552818036194
37.57 	 -203.68682071755623
37.560001 	 -203.74416339174357
37.549999 	 -203.95229164586237
37.540001 	 -204.00221626046445
37.529999 	 -204.46965921172426
37.52 	 -204.481282998491
37.510002 	 -204.7968706449365
37.5 	 -205.0016762001585
37.490002 	 -204.95272616006585
37.480003 	 -205.10278752186252
37.470001 	 -205.27870660972502
37.460003 	 -205.9069704345419
37.450001 	 -205.58085148183014
37.440002 	 -206.04730178285024
37.43 	 -205.87781000039152
37.420002 	 -206.12601609872544
37.41 	 -206.21010401721676
37.400002 	 -206.94762850779674
37.389999 	 -206.70829171099194
37.380001 	 -207.26833459011783
37.369999 	 -207.55626069234245
37.360001 	 -207.39995384690855
37.350002 	 -207.26897565953848
37.34 	 -208.24459933755546
37.330002 	 -208.24469134178773
37.32 	 -207.55708577022762
37.310001 	 -208.24496636276655
37.300003 	 -207.55736079120646
37.290001 	 -207.73659203940198
37.280003 	 -207.96316192776686
37.27 	 -207.40132896492085
37.260002 	 -208.24573042579493
37.25 	 -207.73717308568382
37.240002 	 -207.9637429740487
37.230003 	 -208.2460974491755
37.220001 	 -208.24618945340777
37.210003 	 -207.55858388184765
37.200001 	 -207.55876689859423
37.190002 	 -208.65756220400888
37.18 	 -208.65762320586947
37.170002 	 -208.65768420773006
37.160004 	 -207.7381811523715
37.150002 	 -208.24698350842058
37.140003 	 -208.6579902255286
37.130001 	 -207.40294907654064
37.120003 	 -208.24735053741472
37.110001 	 -207.55974496585463
37.100002 	 -207.55992798260115
37.09 	 -207.56011099934773
37.080002 	 -208.65890630476238
37.070004 	 -208.24805259374722
37.060001 	 -207.7394952536361
37.050003 	 -207.96606514200099
37.040001 	 -206.95309703421364
37.030003 	 -207.96652320590422
37.02 	 -207.05035448147265
37.010002 	 -207.56148515176062
37.0 	 -207.40517830632672
36.990002 	 -207.27420011895666
36.980003 	 -206.71482836079406
36.970001 	 -206.8694061318118
36.960003 	 -207.56291937936606
36.950001 	 -207.15581745128748
36.940002 	 -206.58254818092033
36.93 	 -206.52144782271833
36.920002 	 -206.95675968064813
36.910004 	 -206.71742288384334
36.900002 	 -206.58431858240928
36.890003 	 -207.05481033076575
36.880001 	 -206.31239769697444
36.870003 	 -206.31303890250277
36.860001 	 -206.46861112344223
36.850002 	 -206.26848957873577
36.840004 	 -206.06375941101925
36.830002 	 -205.9931666355954
36.820004 	 -205.7234643883466
36.810001 	 -204.35857739194276
36.800003 	 -202.67250104438776
36.790001 	 -201.77377523914146
36.780003 	 -201.33912697533466
36.77 	 -201.18470363378603
36.760002 	 -201.21007609981973
36.750004 	 -201.33983214783015
36.740002 	 -201.51882783714328
36.730003 	 -201.73549792299275
36.720001 	 -201.9636979392989
36.710003 	 -202.27109300649778
36.700001 	 -202.53321246090653
36.690002 	 -202.81665655306
36.68 	 -203.07617748811384
36.670002 	 -203.35525579468026
36.660004 	 -203.63818025776837
36.650002 	 -203.91109956143035
36.640003 	 -204.12351669318883
36.630001 	 -204.36484960876348
36.620003 	 -204.5761935893802
36.610001 	 -204.85639464497854
36.599998 	 -205.0718090688073
36.59 	 -205.2123780906296
36.580002 	 -205.40460309565117
36.57 	 -205.76229834456151
36.560001 	 -205.97972031937795
36.550003 	 -206.03684811909207
36.540001 	 -206.42427116280004
36.530003 	 -206.52754414136626
36.52 	 -206.92180959181627
36.510002 	 -206.69816245601606
36.5 	 -206.97008120704982
36.490002 	 -207.32026427405864
36.48 	 -207.52963228356597
36.470001 	 -207.66748051455795
36.460003 	 -207.79355375270472
36.450001 	 -207.97722850587877
36.440002 	 -207.93942660676103
36.43 	 -208.20258418581935
36.420002 	 -208.71401999571106
36.41 	 -208.30892095459723
36.400002 	 -209.40808239402105
36.390003 	 -208.36584768044312
36.380001 	 -208.80115953837293
36.370003 	 -209.40912060195535
36.360001 	 -209.00201867387673
36.350002 	 -209.00229371169615
36.34 	 -209.5889019257897
36.330002 	 -210.50861899471454
36.32 	 -209.81553281601518
36.310001 	 -209.81565482345778
36.300003 	 -209.5893599542412
36.290001 	 -210.09816231029026
36.280003 	 -209.81602184683834
36.27 	 -210.09837632196513
36.260002 	 -210.50938303907316
36.25 	 -210.098529328058
36.240002 	 -210.50953604516602
36.220001 	 -211.18648370671477
36.210003 	 -211.18651470719527
36.200001 	 -210.5096590479876
36.190002 	 -209.81657286928825
36.18 	 -209.1235476961709
36.170002 	 -210.09917137418788
36.160004 	 -209.81703091073595
36.150002 	 -210.09938538586275
36.140003 	 -209.81724492241082
36.130001 	 -210.51051411041337
36.110001 	 -210.51057511227395
36.100002 	 -211.1875227738227
36.09 	 -209.12437275349515
36.080002 	 -209.59134708716874
36.070004 	 -209.255962005245
36.060001 	 -209.4126658903267
36.050003 	 -209.41284890707328
36.040001 	 -209.25654206163938
36.030003 	 -209.00596100189594
36.02 	 -209.8189860926487
36.010002 	 -208.90281736821711
36.0 	 -208.8063230313833
35.990002 	 -209.25779423278527
35.980003 	 -209.25800825568655
35.970001 	 -208.8070871336465
35.960003 	 -208.80742319010713
35.950001 	 -208.31677196502142
35.940002 	 -209.12825133199345
35.93 	 -208.8085524270963
35.920002 	 -208.43568423766698
35.910004 	 -208.2634596590904
35.900002 	 -208.72443459749456
35.890003 	 -207.9132634679808
35.880001 	 -208.0743249335391
35.870003 	 -208.07502718005645
35.860001 	 -207.8440751855917
35.850002 	 -208.32244978093377
35.840004 	 -208.1223282362273
35.830002 	 -207.9559453767854
35.820004 	 -207.03969162516626
35.810001 	 -204.95282982697108
35.800003 	 -203.78405683749196
35.790001 	 -203.27353291079402
35.780003 	 -203.0303219201603
35.77 	 -203.02755519014738
35.760002 	 -203.12285250664615
35.750004 	 -203.29748805867092
35.740002 	 -203.49463619143538
35.730003 	 -203.7577392193893
35.720001 	 -204.04441168564196
35.710003 	 -204.3257295549999
35.700001 	 -204.6074966760102
35.690002 	 -204.8775621376922
35.68 	 -205.16600146899444
35.670002 	 -205.47147710273154
35.660004 	 -205.76854858650387
35.650002 	 -206.03679838477208
35.640003 	 -206.20433749825006
35.630001 	 -206.4643633935665
35.619999 	 -206.78875757877077
35.610001 	 -207.00919817944265
35.599998 	 -207.25465105733076
35.59 	 -207.5315403810991
35.580002 	 -207.7221430439832
35.57 	 -207.96523782517792
35.560001 	 -208.04078546529408
35.549999 	 -208.0793659194988
35.540001 	 -208.678663225838
35.529999 	 -208.55214379302177
35.52 	 -209.07673343287706
35.510002 	 -209.07838279232286
35.5 	 -209.40564127613249
35.490002 	 -209.35684206038337
35.48 	 -209.6053057019612
35.470001 	 -209.85351180029514
35.459999 	 -210.23962923964638
35.450001 	 -210.0290228006187
35.440002 	 -210.3658242789535
35.43 	 -210.7728397913743
35.420002 	 -210.50952033381648
35.41 	 -210.5912203599277
35.400002 	 -210.59158642692205
35.390003 	 -210.77427405071035
35.380001 	 -211.4644529524473
35.370003 	 -211.97325530849636
35.360001 	 -211.97334731272863
35.350002 	 -211.46478997261752
35.34 	 -213.06139370123051
35.330002 	 -211.6913908614629
35.32 	 -211.6915128689055
35.310001 	 -213.06166871659622
35.299999 	 -212.38481305738856
35.290001 	 -212.38487405924914
35.279999 	 -213.0618217207979
35.27 	 -211.6918188810303
35.260002 	 -211.97417335615708
35.25 	 -212.3851800732651
35.240002 	 -212.3852410751257
35.220001 	 -213.06218873667444
35.210003 	 -211.97441836459103
35.200001 	 -212.38542508169905
35.190002 	 -212.38548608355964
35.18 	 -211.97463237254448
35.170002 	 -213.06252574934067
35.160004 	 -212.385670090133
35.150002 	 -211.69258391143364
35.140003 	 -212.3858530994362
35.130001 	 -213.06280076098494
35.110001 	 -211.46638104455815
35.100002 	 -211.46653405626384
35.09 	 -211.9753364123129
35.080002 	 -211.693195948861
35.070004 	 -211.6933179563036
35.060001 	 -211.467023087087
35.050003 	 -211.69359297545188
35.040001 	 -211.4672981062353
35.030003 	 -211.13191302431156
35.02 	 -211.13212704721283
35.010002 	 -211.1323410701141
35.0 	 -211.00136288274405
34.990002 	 -210.68166397784688
34.980003 	 -210.59647786086936
34.970001 	 -210.51554098057787
34.960003 	 -211.469436418698
34.950001 	 -210.68291619183293
34.940002 	 -210.24845952509088
34.93 	 -210.68377138302068
34.920002 	 -210.68410743948132
34.910004 	 -210.13852655236468
34.900002 	 -210.13910672062974
34.890003 	 -209.99394585546358
34.880001 	 -210.04035676073585
34.870003 	 -209.82820420155
34.860001 	 -209.90904022381437
34.850002 	 -209.79138247590902
34.840004 	 -209.79220681558363
34.830002 	 -209.45102640106728
34.820004 	 -207.5449460664919
34.810001 	 -205.96540483526033
34.800003 	 -205.1973477758755
34.790001 	 -204.89576220178486
34.780003 	 -204.8310615295832
34.77 	 -204.91328743151405
34.760002 	 -205.10619941447695
34.750004 	 -205.35315850809917
34.740002 	 -205.60029245781462
34.730003 	 -205.90139932307355
34.720001 	 -206.1889113527069
34.710003 	 -206.45527035569867
34.700001 	 -206.71452460810113
34.690002 	 -207.0581930472958
34.68 	 -207.33934014057397
34.670002 	 -207.58444655765922
34.660004 	 -207.88278896863756
34.650002 	 -208.19307562694692
34.640003 	 -208.48389550518286
34.630001 	 -208.7175263097497
34.620003 	 -208.89187467534438
34.610001 	 -209.21534998070425
34.599998 	 -209.4258576477925
34.59 	 -209.58947655597473
34.580002 	 -209.816506452982
34.57 	 -209.89657437152732
34.560001 	 -210.30367020215806
34.549999 	 -210.54696836997633
34.540001 	 -210.93686836196338
34.530003 	 -210.92024197529383
34.52 	 -211.09739309925632
34.510002 	 -211.03664593773348
34.5 	 -211.7313202838173
34.490002 	 -211.65517107642495
34.48 	 -211.73290791472456
34.470001 	 -211.907899780321
34.459999 	 -212.11966655960413
34.450001 	 -212.6517778008897
34.440002 	 -212.38845834333188
34.43 	 -213.16330555000303
34.420002 	 -213.00699870456913
34.41 	 -213.16370258965082
34.400002 	 -212.8762035339456
34.389999 	 -213.8518272119626
34.380001 	 -213.1642216404025
34.370003 	 -213.34345288859802
34.360001 	 -214.26316995752285
34.350002 	 -214.26323095938343
34.34 	 -213.57014478068407
34.330002 	 -213.57026678812667
34.32 	 -214.94042263581738
34.310001 	 -213.57041979604978
34.300003 	 -214.26368898405232
34.290001 	 -213.57060280535296
34.280003 	 -213.85295728047976
34.27 	 -214.26396399758778
34.25 	 -213.85311028657262
34.240002 	 -214.9410036633688
34.220001 	 -214.26414800416114
34.210003 	 -213.85329429314598
34.200001 	 -213.57115382969405
34.190002 	 -213.85350830482085
34.18 	 -213.85360030905312
34.160004 	 -214.9414936858493
34.140003 	 -213.5714908460817
34.120003 	 -214.9416466937724
34.110001 	 -214.26479103456475
34.100002 	 -213.8539373235496
34.09 	 -213.85402932778186
34.080002 	 -214.26503604488988
34.070004 	 -213.57194986619052
34.060001 	 -214.26521905419307
34.050003 	 -213.34571599883452
34.040001 	 -213.8545183548836
34.030003 	 -213.16691278332348
34.02 	 -213.0106059378896
34.010002 	 -213.8550073987637
34.0 	 -213.34645005865258
33.990002 	 -213.16755483890927
33.980003 	 -213.16773785565584
33.970001 	 -213.34696910385136
33.960003 	 -213.34712211555706
33.950001 	 -212.18739764280204
33.940002 	 -213.1687150149245
33.93 	 -212.32160017128385
33.920002 	 -212.56170011573974
33.910004 	 -212.32236331893495
33.900002 	 -212.1892590175009
33.890003 	 -212.56295138250158
33.880001 	 -212.01737049538494
33.870003 	 -211.46624787447192
33.860001 	 -211.70616305292074
33.850002 	 -211.53053702009456
33.840004 	 -211.82979263286103
33.830002 	 -210.35109426752413
33.820004 	 -208.28084177803777
33.810001 	 -207.1950882099967
33.800003 	 -206.78531919355873
33.790001 	 -206.65619023949145
33.780003 	 -206.74721599778414
33.77 	 -206.93611621894433
33.760002 	 -207.17429539635555
33.750004 	 -207.43209172915033
33.740002 	 -207.7264152303377
33.730003 	 -208.002287017436
33.720001 	 -208.27050315522362
33.710003 	 -208.54439972759732
33.700001 	 -208.79582821994148
33.690002 	 -209.07669496330558
33.68 	 -209.41278453951335
33.670002 	 -209.70609269728163
33.660004 	 -209.99453286808284
33.650002 	 -210.30939762642063
33.640003 	 -210.66527268363993
33.630001 	 -210.92185954523774
33.620003 	 -211.1824551269795
33.610001 	 -211.33950752129076
33.599998 	 -211.57309529414258
33.59 	 -211.7902604772932
33.580002 	 -212.23029742470462
33.57 	 -212.3064384133773
33.560001 	 -212.5546300559662
33.549999 	 -212.90180384055762
33.540001 	 -212.6155183244564
33.529999 	 -212.98708889175683
33.52 	 -213.1493214679677
33.510002 	 -213.50803749431765
33.5 	 -213.47323540796404
33.490002 	 -213.8966803412752
33.48 	 -213.84682965591335
33.470001 	 -214.89492278418456
33.459999 	 -214.4440016621445
33.450001 	 -214.64467778090176
33.440002 	 -214.44461275642456
33.43 	 -214.89608395782653
33.420002 	 -215.05278784290823
33.41 	 -215.74066843544716
33.400002 	 -215.74076043967943
33.390003 	 -214.8966650059389
33.380001 	 -214.64608394619546
33.369999 	 -216.15225621750815
33.360001 	 -215.741402506493
33.350002 	 -215.74149451072526
33.34 	 -215.74158651495753
33.330002 	 -215.7416785191898
33.32 	 -216.829571895986
33.310001 	 -216.15271623677833
33.300003 	 -216.15277723863892
33.290001 	 -216.82972490018767
33.260002 	 -216.82975590066818
33.230003 	 -216.82978690114868
33.220001 	 -216.82981790162918
33.210003 	 -216.8298489021097
33.190002 	 -216.15299324290203
33.18 	 -215.74213953188686
33.170002 	 -216.83003290868305
33.160004 	 -216.83006390916356
33.150002 	 -216.83009490964406
33.140003 	 -216.83012591012456
33.130001 	 -216.83015691060507
33.120003 	 -216.1533012513974
33.110001 	 -216.153362253258
33.100002 	 -216.83030991480675
33.09 	 -216.83034091528725
33.080002 	 -215.74257054320384
33.070004 	 -215.23401320309273
33.060001 	 -215.7428155591418
33.050003 	 -215.46067509568988
33.040001 	 -215.74302957081667
33.030003 	 -215.46088910736475
33.02 	 -215.74324358249154
33.010002 	 -215.46110311903962
33.0 	 -214.44813501125228
32.990002 	 -215.46156118294286
32.980003 	 -214.89972822009685
32.970001 	 -214.76875003272679
32.960003 	 -214.13929310367863
32.950001 	 -215.05713423986543
32.940002 	 -215.23636548806095
32.93 	 -215.23651849976665
32.920002 	 -214.44999827290158
32.910004 	 -214.45033432936222
32.900002 	 -214.28384526509885
32.890003 	 -213.75940948763972
32.880001 	 -213.8553908926653
32.870003 	 -214.6526889382918
32.860001 	 -213.85627611661042
32.850002 	 -213.907317156363
32.840004 	 -213.21475014406812
32.830002 	 -210.8376426387042
32.820004 	 -209.37752910512154
32.810001 	 -208.71563184309807
32.800003 	 -208.51181298394044
32.790001 	 -208.5307738245783
32.780003 	 -208.7645203397362
32.77 	 -208.98695704066307
32.760002 	 -209.26046668075486
32.750004 	 -209.55280517327978
32.740002 	 -209.8894755258313
32.730003 	 -210.1267264511451
32.720001 	 -210.41004993645154
32.710003 	 -210.67875974150695
32.700001 	 -210.9137221914661
32.690002 	 -211.1515031048943
32.68 	 -211.44059105210127
32.670002 	 -211.67761997645522
32.660004 	 -212.0650821293048
32.650002 	 -212.34785844552277
32.640003 	 -212.79228630991878
32.630001 	 -212.96722593725363
32.620003 	 -213.44734078019806
32.610001 	 -213.5861491772572
32.600002 	 -213.7654143927865
32.59 	 -214.09083919237898
32.580002 	 -214.29798645241075
32.57 	 -214.65338912370626
32.560001 	 -214.5135726599678
32.549999 	 -214.65726890325183
32.540001 	 -215.4052376783896
32.529999 	 -215.24129234432536
32.52 	 -215.48120752277418
32.510002 	 -215.69479460207918
32.5 	 -215.9065613813623
32.490002 	 -215.6502152622836
32.48 	 -216.17571934378935
32.470001 	 -216.79407668828006
32.459999 	 -216.34315556624
32.450001 	 -216.66343455737064
32.440002 	 -217.13040889104423
32.43 	 -216.95151367130092
32.420002 	 -216.54441174322233
32.41 	 -217.63966930165927
32.400002 	 -218.0506760187673
32.389999 	 -217.63982230775213
32.380001 	 -218.05082902486015
32.350002 	 -218.05089002672074
32.34 	 -217.64003631570557
32.310001 	 -218.0510430328136
32.290001 	 -218.05110403467418
32.280003 	 -218.05116503653477
32.27 	 -218.72811269808352
32.25 	 -218.72814369856403
32.240002 	 -218.72817469904453
32.210003 	 -218.72820569952503
32.200001 	 -218.72823670000554
32.190002 	 -218.72826770048604
32.170002 	 -218.72829870096655
32.160004 	 -218.72832970144705
32.150002 	 -218.0514740422394
32.140003 	 -218.72842170378814
32.130001 	 -218.05156604458048
32.110001 	 -217.64071233356532
32.100002 	 -218.7286057103615
32.09 	 -218.05175005115385
32.080002 	 -217.64089634013868
32.070004 	 -217.64098834437095
32.060001 	 -217.13243100425984
32.050003 	 -218.72903473287283
32.040001 	 -217.13261501644604
32.030003 	 -217.6414173724951
32.02 	 -217.3592769090432
32.010002 	 -218.7294327567339
32.0 	 -216.79747494667768
31.990002 	 -216.66649675930762
31.980001 	 -216.7979329993518
31.970001 	 -216.79814702225306
31.960003 	 -217.36031601544295
31.950003 	 -216.26182573421744
31.940002 	 -217.13438721322072
31.930002 	 -216.44466636971143
31.920002 	 -217.13484527144837
31.910002 	 -217.13499828315406
31.900002 	 -216.038720032138
31.890001 	 -216.80007130614436
31.880001 	 -215.75280238690013
31.870003 	 -215.97655612434005
31.860003 	 -216.1105756360753
31.850002 	 -215.97747133464125
31.840002 	 -213.8901005686614
31.830002 	 -211.67811608554263
31.820002 	 -210.73363084560629
31.810001 	 -210.36818709948943
31.800003 	 -210.3741480479533
31.790003 	 -210.5649849522976
31.780003 	 -210.81859331766884
31.770002 	 -211.1015146069613
31.760002 	 -211.4016294477987
31.750002 	 -211.75182349826372
31.740002 	 -212.02186030791196
31.730001 	 -212.32411695288948
31.720001 	 -212.56916999505023
31.710003 	 -212.81442231696184
31.700003 	 -213.02920599810255
31.690002 	 -213.2220949310486
31.680002 	 -213.35302694280463
31.670002 	 -213.599475677068
31.660002 	 -213.88915506565476
31.650002 	 -214.117405105195
31.640003 	 -214.71368390198623
31.630003 	 -215.0741238665953
31.620003 	 -215.63666611703587
31.610003 	 -215.8779969182802
31.6 	 -216.0200911891546
31.59 	 -216.33427721946805
31.58 	 -216.65145480683427
31.57 	 -216.69082115622305
31.560001 	 -217.05985418296424
31.550001 	 -217.42585171042674
31.540001 	 -217.46809251898256
31.530001 	 -217.8127014178208
31.52 	 -217.75702599420424
31.51 	 -217.87535818061633
31.5 	 -217.75806326407067
31.49 	 -218.5695426310427
31.48 	 -218.24984372614554
31.470001 	 -219.54550236552032
31.460001 	 -218.7014069317798
31.450001 	 -219.03715904831049
31.440002 	 -219.54596140435956
31.43 	 -220.63385478115575
31.42 	 -220.63388578163625
31.41 	 -220.63391678211676
31.400002 	 -220.63394778259726
31.390001 	 -219.54617741051385
31.370001 	 -219.95718412762187
31.360001 	 -219.5463304166067
31.35 	 -220.6342237934029
31.320002 	 -219.95736813419524
31.310001 	 -220.634315795744
31.300001 	 -220.6343467962245
31.290001 	 -220.634377796705
31.27 	 -220.6344087971855
31.26 	 -220.634439797666
31.240002 	 -219.5466694255826
31.210001 	 -220.63456280237878
31.160002 	 -219.95770714317112
31.150002 	 -219.9577681450317
31.140001 	 -219.9578291468923
31.130001 	 -219.95789014875288
31.090002 	 -220.63483781030163
31.080002 	 -220.63486881078214
31.070002 	 -219.95801315157448
31.060001 	 -219.03851009621593
31.050001 	 -219.95822716514076
31.040001 	 -219.95828816700134
31.030003 	 -219.26520198830198
31.020002 	 -219.26532399574458
31.010002 	 -220.6354798434353
30.990002 	 -219.0390601270085
30.970001 	 -219.95877719593332
30.960003 	 -219.26569101723396
30.950003 	 -218.70385805438795
30.940002 	 -219.03961017091865
30.930002 	 -218.25308994405358
30.920002 	 -217.94366797636323
30.910002 	 -218.57382704009825
30.900002 	 -218.4544681974977
30.890001 	 -218.0875780522965
30.880001 	 -218.7059353967872
30.870003 	 -218.25501427474714
30.860003 	 -217.4352034598865
30.850002 	 -216.62956109928803
30.840002 	 -214.30572221769643
30.830002 	 -212.8363259652371
30.820002 	 -212.30352386045527
30.810001 	 -212.23132937793483
30.800003 	 -212.34588341346117
30.790003 	 -212.63870495876662
30.780003 	 -212.94254223834244
30.770002 	 -213.2599047403567
30.760002 	 -213.6223433094693
30.750002 	 -213.9327071475416
30.740002 	 -214.20872436984675
30.730001 	 -214.50645289771097
30.720001 	 -214.71925834792702
30.710003 	 -214.93892757149084
30.700003 	 -215.07388821749834
30.690002 	 -215.21461887291707
30.680002 	 -215.31151124446725
30.670002 	 -215.42022786159148
30.660002 	 -215.58089584050782
30.650002 	 -215.88701931213149
30.640003 	 -216.2722643007921
30.630003 	 -216.92785741054163
30.620003 	 -217.52330523899332
30.610003 	 -217.99038955910348
30.600002 	 -218.36314542740868
30.590002 	 -218.52670519754463
30.58 	 -218.9339118212111
30.57 	 -219.01770475911212
30.560001 	 -219.43838294532486
30.550001 	 -219.35576056458356
30.540001 	 -219.80346648124754
30.530001 	 -220.09163667281007
30.52 	 -220.27432429659837
30.51 	 -220.49777289443455
30.5 	 -220.09255181609922
30.49 	 -220.17844005653174
30.48 	 -220.6299112579337
30.460001 	 -221.88522743168355
30.450001 	 -221.47437372066838
30.440001 	 -221.8853804377764
30.43 	 -221.885441439637
30.42 	 -222.56238910118574
30.41 	 -221.88553344197808
30.400002 	 -221.88559444383867
30.380001 	 -222.56254210538742
30.370001 	 -221.88568644617976
30.34 	 -222.5626341077285
30.330002 	 -222.56266510820902
30.310001 	 -222.56269610868952
30.290001 	 -221.88584044948186
30.280001 	 -222.5627881110306
30.210001 	 -222.56281911151112
30.200001 	 -222.56285011199162
30.150002 	 -222.56288111247213
30.130001 	 -222.56291211295263
30.120003 	 -222.56294311343314
30.100002 	 -222.56297411391364
30.090002 	 -221.88611845470598
30.080002 	 -222.56306611625473
30.070002 	 -221.88621045704707
30.060001 	 -222.56315811859582
30.050001 	 -222.56318911907633
30.040001 	 -221.88633345986867
30.030003 	 -221.1932472811693
30.020002 	 -221.4756017562961
30.010002 	 -220.78799618473602
30.000002 	 -222.56367814983884
29.980001 	 -221.88682249063118
29.970001 	 -222.56377015217993
29.960003 	 -220.50062013185237
29.950003 	 -220.5008641616252
29.940002 	 -220.2779646400838
29.930002 	 -220.78909531037175
29.920002 	 -220.50159625466654
29.910002 	 -220.0963751763312
29.900002 	 -219.74747069356104
29.890001 	 -220.38312261378746
29.880001 	 -220.01623246858625
29.870003 	 -220.0166295474116
29.860003 	 -220.09832957352282
29.850002 	 -217.2263975864236
29.840002 	 -215.1187208929719
29.830002 	 -214.2868704200344
29.820002 	 -214.1216366253999
29.810001 	 -214.21229536766245
29.800003 	 -214.47483187359006
29.790003 	 -214.79934473909552
29.780003 	 -215.13079622588936
29.770002 	 -215.47586041197675
29.760002 	 -215.82277750162328
29.750002 	 -216.1720494555975
29.740002 	 -216.48199839848166
29.730001 	 -216.7197228699212
29.720001 	 -216.85367040762503
29.710003 	 -217.017364613144
29.700003 	 -217.11143969657104
29.690002 	 -217.17376819648925
29.680002 	 -217.23489017972832
29.670002 	 -217.2593493604461
29.660002 	 -217.35314034521699
29.650002 	 -217.50973123353455
29.640003 	 -217.7545195126031
29.630003 	 -218.30703081893418
29.620003 	 -219.16009671982036
29.610003 	 -220.0265516586122
29.600002 	 -220.57517594472753
29.590002 	 -220.7949083508242
29.58 	 -221.29060061316036
29.570002 	 -221.62052349416794
29.560001 	 -221.42040194946148
29.550001 	 -221.8730582984258
29.540001 	 -222.3134983051783
29.530001 	 -222.4333762153711
29.52 	 -222.9003505490447
29.51 	 -222.11383032217964
29.5 	 -222.43410931331027
29.49 	 -223.40973299132725
29.48 	 -222.72212741976716
29.470001 	 -223.82092272518182
29.460001 	 -223.41006901416665
29.450001 	 -223.82107573127468
29.440001 	 -223.12798955257531
29.43 	 -223.82125874057786
29.42 	 -224.4982064021266
29.380001 	 -224.49823740260712
29.370001 	 -224.49826840308762
29.320002 	 -224.49829940356813
29.280001 	 -224.49833040404863
29.250002 	 -224.49836140452913
29.210001 	 -224.49839240500964
29.200001 	 -224.49842340549014
29.160002 	 -224.49845440597065
29.150002 	 -224.49848540645115
29.100002 	 -224.49851640693166
29.060001 	 -224.49854740741216
29.050001 	 -223.8216917482045
29.040001 	 -223.41083803718934
29.030003 	 -224.49873141398552
29.020002 	 -222.90231169755873
29.010002 	 -224.49891542617172
29.000002 	 -223.1289125864041
28.990002 	 -223.82218177440666
28.980001 	 -223.1290955957073
28.970001 	 -223.82236478370984
28.960003 	 -223.41151107269468
28.950003 	 -223.12937060924276
28.940002 	 -223.12949261668535
28.930002 	 -222.90319774746877
28.920002 	 -223.8229148163936
28.910002 	 -222.72436352958607
28.900002 	 -222.9035947777816
28.890001 	 -221.8774016976511
28.880001 	 -222.03197946866882
28.870003 	 -221.7446634632114
28.860003 	 -220.68838640358953
28.850002 	 -217.67696951203777
28.840002 	 -216.40781919968146
28.830002 	 -216.0158083765033
28.820002 	 -216.06833861753765
28.810001 	 -216.30275573579385
28.800003 	 -216.62813676073748
28.790003 	 -217.02824172530345
28.780003 	 -217.38195257758665
28.770002 	 -217.7717557623512
28.760002 	 -218.1119432878097
28.750002 	 -218.42919315048323
28.740002 	 -218.69691116982128
28.730001 	 -218.91480795086403
28.720001 	 -219.0379509614828
28.710003 	 -219.10359877110605
28.700003 	 -219.13480295077736
28.690002 	 -219.21076204254072
28.680002 	 -219.061377464363
28.670002 	 -219.09826574382404
28.660002 	 -219.10038954522147
28.650002 	 -219.11646402955893
28.640003 	 -219.33510288747178
28.630003 	 -219.6275626833875
28.620003 	 -220.26198608047008
28.610003 	 -221.2694468123916
28.600002 	 -222.61652109338766
28.590002 	 -223.04499029983077
28.580002 	 -223.0136805152374
28.57 	 -223.7400003479155
28.560001 	 -223.74045845282953
28.550001 	 -224.5018097268359
28.540001 	 -224.1476879881516
28.530001 	 -225.34651623423193
28.52 	 -224.25162571784668
28.51 	 -224.83823393194024
28.5 	 -225.75795100086506
28.49 	 -225.75801200272565
28.48 	 -224.8385089473671
28.470001 	 -225.75822601629193
28.460001 	 -226.43517367784068
28.450001 	 -225.34740330575727
28.440001 	 -225.7584100228653
28.43 	 -226.43535768441404
28.42 	 -226.43538868489455
28.410002 	 -225.7585330256869
28.400002 	 -226.43548068723564
28.390001 	 -226.43551168771614
28.380001 	 -226.43554268819665
28.33 	 -226.43557368867715
28.260002 	 -226.43560468915766
28.160002 	 -226.43563568963816
28.120003 	 -225.7587800304305
28.060001 	 -226.43572769197925
28.050001 	 -226.43575869245976
28.030003 	 -226.43578969294026
28.020002 	 -225.34801932085685
28.010002 	 -226.43591269765304
28.000002 	 -225.06590985788543
27.990002 	 -225.75917904588798
27.980001 	 -225.06609286718862
27.970001 	 -225.0662148746312
27.960003 	 -224.66087177396565
27.950003 	 -225.06651989882036
27.940002 	 -225.34887437394715
27.930002 	 -224.84031703383604
27.920002 	 -224.66142181409276
27.910002 	 -225.06706993894747
27.900002 	 -225.06719194639007
27.890001 	 -223.8873987178787
27.880001 	 -223.96909874398992
27.870003 	 -224.50612212936377
27.860003 	 -220.75694203290195
27.850002 	 -218.6283557747829
27.840002 	 -217.9707734013914
27.830002 	 -217.90302307116025
27.820002 	 -218.15727885120464
27.810001 	 -218.48199663640108
27.800003 	 -218.89963401289972
27.790003 	 -219.2601210298304
27.780003 	 -219.6833337683814
27.770002 	 -220.04863212573076
27.760002 	 -220.3870497841522
27.750002 	 -220.71151217060964
27.740002 	 -220.9289811173219
27.730001 	 -221.0842160330317
27.720001 	 -221.17408867149985
27.710003 	 -221.2358001574128
27.700003 	 -221.14312882417786
27.690002 	 -221.13181203691815
27.680002 	 -220.97499311288053
27.670002 	 -220.94641708308828
27.660002 	 -220.9269348992661
27.650002 	 -220.91024209346884
27.640003 	 -220.93646176860912
27.630003 	 -221.07602017998138
27.620003 	 -221.4865641385324
27.610003 	 -222.365101195823
27.600002 	 -223.74739949472064
27.590002 	 -225.35973448978632
27.580002 	 -226.20663405456875
27.570002 	 -226.00656903009155
27.560001 	 -225.63370084066224
27.550001 	 -228.390517161141
27.540001 	 -226.7940974447142
27.530001 	 -226.32752015251913
27.52 	 -227.0209113628519
27.51 	 -227.0210333702945
27.5 	 -227.0211553777371
27.49 	 -227.0212773851797
27.48 	 -228.3914332328704
27.470001 	 -227.71457757366275
27.460001 	 -227.3037238626476
27.440001 	 -228.39161723944378
27.43 	 -228.39164823992428
27.260002 	 -228.39167924040478
27.170002 	 -228.3917102408853
27.110003 	 -228.3917412413658
27.060001 	 -228.3917722418463
27.030003 	 -227.71491658263864
27.020002 	 -228.3918642441874
27.000002 	 -227.71500858497973
26.990002 	 -227.71506958684031
26.970001 	 -227.7151305887009
26.960003 	 -227.7151915905615
26.950003 	 -226.79568853520294
26.940002 	 -227.71540560412777
26.930002 	 -226.79590254876922
26.920002 	 -228.3925062773822
26.910002 	 -226.61703832950644
26.900002 	 -226.61722134625296
26.890001 	 -226.7964525944485
26.880001 	 -226.46106751252478
26.870003 	 -224.695559039981
26.860003 	 -221.16526790701158
26.850002 	 -220.0207453859403
26.840002 	 -219.80630714329467
26.830002 	 -219.99590640623532
26.820002 	 -220.33592654199316
26.810001 	 -220.74055854215567
26.800003 	 -221.209835455097
26.790003 	 -221.59757992804384
26.780003 	 -222.0460863318332
26.770002 	 -222.41080331702665
26.760002 	 -222.71588480970286
26.750002 	 -223.01418801396343
26.740002 	 -223.18527311004206
26.730001 	 -223.3645098527218
26.720001 	 -223.26507949117325
26.710003 	 -223.34901774084238
26.700003 	 -223.24459204827963
26.690002 	 -223.07511353020507
26.680002 	 -223.0475436379507
26.670002 	 -222.86410980573717
26.660002 	 -222.77680360182373
26.650002 	 -222.63320389462444
26.640003 	 -222.6486009497906
26.630003 	 -222.6613059479984
26.620003 	 -222.87267755935997
26.610003 	 -223.46173160658557
26.600002 	 -224.50153849749785
26.590002 	 -226.08993303049246
26.580002 	 -227.87056804996948
26.570002 	 -228.56408129752378
26.560001 	 -228.5642643142703
26.550003 	 -228.05362170725087
26.540001 	 -228.7438006089878
26.530001 	 -229.25260296503689
26.52 	 -228.97046250158496
26.5 	 -230.34061834927567
26.460001 	 -229.663762690068
26.110003 	 -230.34071035161676
26.090002 	 -230.34074135209727
26.060001 	 -230.34077235257777
25.990002 	 -229.6639166933701
25.980001 	 -229.6639776952307
25.970001 	 -229.66403869709129
25.960003 	 -229.66409969895187
25.950003 	 -229.66416070081246
25.940002 	 -230.3411083623612
25.930002 	 -228.74468864593442
25.920002 	 -228.9712585342993
25.910002 	 -228.40942557145328
25.900002 	 -228.74517768798398
25.890001 	 -228.40979260606025
25.880001 	 -228.05567086737597
25.870003 	 -224.09269895911854
25.860003 	 -222.2028519678298
25.850002 	 -221.72296598287343
25.840002 	 -221.8401878389838
25.830002 	 -222.19178954401292
25.820002 	 -222.60223883094756
25.810001 	 -223.06351127987713
25.800003 	 -223.5018295786687
25.790003 	 -223.92165836333328
25.780003 	 -224.33722565618407
25.770002 	 -224.71390482950733
25.760002 	 -224.99247778605115
25.750002 	 -225.29706871371
25.740002 	 -225.4822248335226
25.730001 	 -225.47027425684993
25.720001 	 -225.4667750838617
25.710003 	 -225.4837645916914
25.700003 	 -225.30556503434784
25.690002 	 -225.13673141090476
25.680002 	 -225.01525548519646
25.670002 	 -224.78499837407688
25.660002 	 -224.6299003969431
25.650002 	 -224.45774293806193
25.640003 	 -224.34826325801515
25.630003 	 -224.35037353784458
25.620003 	 -224.41219644112942
25.610003 	 -224.70313830056747
25.600002 	 -225.36222689837348
25.590002 	 -226.78546265197954
25.580002 	 -228.94467292244317
25.570002 	 -229.78166942621448
25.560001 	 -230.04569100911962
25.550003 	 -230.73586991085656
25.540001 	 -232.33247363946955
25.530001 	 -231.6556179802619
25.49 	 -231.65567898212248
25.440001 	 -232.33262664367123
25.43 	 -232.33265764415174
25.380001 	 -232.33268864463224
25.140001 	 -232.33271964511275
25.110003 	 -232.33275064559325
25.080002 	 -232.33278164607376
25.070002 	 -232.33281264655426
25.010002 	 -232.33284364703476
24.990002 	 -231.6559879878271
24.980001 	 -232.33293564937586
24.970001 	 -232.33296664985636
24.960003 	 -232.33299765033686
24.950003 	 -231.6561419911292
24.940002 	 -232.33308965267796
24.930002 	 -232.33312065315846
24.920002 	 -231.24535028107505
24.910002 	 -231.65635699818307
24.890001 	 -230.9632708194837
24.880001 	 -228.15953579838106
24.870003 	 -224.6779007764541
24.860003 	 -223.74308679371077
24.850002 	 -223.7352977583217
24.840002 	 -224.06430728732042
24.830002 	 -224.46926623511573
24.820002 	 -224.98426427190367
24.810001 	 -225.4271149847985
24.800003 	 -225.93976711685067
24.790003 	 -226.40081709319043
24.780003 	 -226.82430859139856
24.770002 	 -227.1425204464331
24.760002 	 -227.4133435699825
24.750002 	 -227.61644483489007
24.740002 	 -227.77178482074518
24.730001 	 -227.73759607149293
24.720001 	 -227.64999084502836
24.710003 	 -227.57693483737495
24.700003 	 -227.44415786038977
24.690002 	 -227.25787771404345
24.680002 	 -227.08531499743594
24.670002 	 -226.8483069657378
24.660002 	 -226.63368877197144
24.650002 	 -226.46349333057103
24.640003 	 -226.24193575054937
24.630003 	 -226.1402700509045
24.620003 	 -226.1097849747813
24.610003 	 -226.1801213005959
24.600002 	 -226.59025356810386
24.590002 	 -227.49605385596308
24.580002 	 -229.15248975076355
24.570002 	 -231.94088806699617
24.560001 	 -232.39235926839814
24.550003 	 -233.23676072927222
24.540001 	 -233.64776744638024
24.530001 	 -234.324715107929
24.52 	 -234.3247461084095
24.51 	 -234.32477710889
24.5 	 -234.3248081093705
24.460001 	 -234.324839109851
24.010002 	 -234.32487011033152
23.970001 	 -234.32490111081202
23.960003 	 -234.32493211129253
23.950003 	 -233.2371617392091
23.940002 	 -232.9550212757572
23.930002 	 -232.7287264065406
23.920002 	 -234.3253301351536
23.910002 	 -233.64847447594593
23.900002 	 -233.64853547780652
23.889999 	 -233.23768176679135
23.880001 	 -227.62464566463558
23.870003 	 -225.91744901478867
23.860003 	 -225.6199325122723
23.850002 	 -225.93482333155066
23.840002 	 -226.359166857988
23.830002 	 -226.85448034873573
23.820002 	 -227.3978541450876
23.810001 	 -227.925607050294
23.800003 	 -228.39527631292754
23.790003 	 -228.8910836790754
23.780003 	 -229.2022175694321
23.770002 	 -229.44068401737937
23.760002 	 -229.9269005078691
23.750002 	 -229.98235368096428
23.740002 	 -230.1116849615438
23.730001 	 -230.00921638360492
23.720001 	 -229.81910578302237
23.710003 	 -229.7196087297054
23.700003 	 -229.5489518536067
23.690002 	 -229.3442795117862
23.680002 	 -229.1342852290439
23.670002 	 -228.91980383214053
23.660002 	 -228.70225781881598
23.650002 	 -228.4130095247243
23.640003 	 -228.26229615575429
23.630003 	 -228.0560111579836
23.620003 	 -227.91757803378846
23.610003 	 -227.8850002753298
23.600002 	 -228.0189534387635
23.590002 	 -228.54002530686452
23.580002 	 -229.64929429052512
23.570002 	 -232.14963792224896
23.560001 	 -234.26236380105945
23.550003 	 -234.55028990328407
23.540001 	 -236.3259718683869
23.530001 	 -236.3260028688674
23.52 	 -236.3260338693479
23.51 	 -236.3260648698284
23.48 	 -235.64920921062074
23.190002 	 -236.3261568721695
23.010002 	 -236.32618787265
22.970001 	 -236.3262188731305
22.940002 	 -236.326249873611
22.920002 	 -236.3262808740915
22.910002 	 -236.326311874572
22.900002 	 -236.32634287505252
22.890001 	 -232.335003192991
22.880001 	 -228.35316528776917
22.870003 	 -227.61320394371842
22.860003 	 -227.78775846352337
22.850002 	 -228.24305974500786
22.840002 	 -228.74100778157086
22.830002 	 -229.29151467473125
22.820002 	 -229.8374212663443
22.810001 	 -230.41142274270044
22.800003 	 -230.8219726534038
22.790003 	 -231.2545755657709
22.780003 	 -231.66641399548834
22.770002 	 -231.92238827637698
22.760002 	 -232.22579855979973
22.750002 	 -232.24734766966571
22.740002 	 -232.31210060596015
22.730001 	 -232.14088536260937
22.720001 	 -232.1901115664905
22.710003 	 -231.99187114777786
22.700003 	 -231.69334085533262
22.690002 	 -231.5216674398309
22.680002 	 -231.30256939600244
22.670002 	 -230.96020281781733
22.660002 	 -230.79363604897068
22.650002 	 -230.5100879987032
22.640003 	 -230.25469268569898
22.630003 	 -230.0331167340892
22.620003 	 -229.8447892560477
22.610003 	 -229.65402682019987
22.600002 	 -229.6137930174152
22.590002 	 -229.8491503021441
22.580002 	 -230.5415780910797
22.570002 	 -232.19673386308733
22.560001 	 -235.46543353338367
22.550003 	 -235.64721194153472
22.540003 	 -237.25275065351389
22.370001 	 -238.34064403031007
22.090002 	 -238.34067503079058
21.960003 	 -238.34070603127108
21.950003 	 -238.3407370317516
21.920002 	 -238.3407680322321
21.910002 	 -238.3407990327126
21.900002 	 -236.970796192945
21.890001 	 -231.17655604149064
21.880001 	 -229.74231624029684
21.870003 	 -229.66972159868124
21.860003 	 -230.11479266842125
21.850002 	 -230.67481923077705
21.840002 	 -231.2743404910489
21.830002 	 -231.832868453008
21.820002 	 -232.39140678538294
21.810001 	 -232.8954545612952
21.800003 	 -233.2983661885004
21.790003 	 -233.87512708940775
21.780003 	 -234.0403327127121
21.770002 	 -234.3834489720521
21.760002 	 -234.61929345824186
21.750002 	 -234.63943732447797
21.740002 	 -234.69396025883043
21.730001 	 -234.52254201843635
21.720001 	 -234.3468448228631
21.710003 	 -234.19432086202946
21.700003 	 -233.9770194070587
21.690002 	 -233.73492368539988
21.680002 	 -233.4558076943348
21.670002 	 -233.23897619816316
21.660002 	 -232.93627647005565
21.650002 	 -232.6393825961048
21.640003 	 -232.3645059835189
21.630003 	 -232.10043168037063
21.620003 	 -231.82104596761766
21.610003 	 -231.60037026000816
21.600002 	 -231.44909412008386
21.590002 	 -231.44886497245966
21.580002 	 -231.72832350664413
21.570002 	 -232.69870905441414
21.560001 	 -235.11877161443675
21.550003 	 -237.487119965901
21.540003 	 -238.58628140532483
21.530003 	 -240.36196337042765
21.52 	 -240.36199437090815
20.990002 	 -240.36202537138865
20.960003 	 -240.36205637186916
20.950003 	 -240.36208737234966
20.940002 	 -240.36211837283017
20.930002 	 -240.36214937331067
20.910002 	 -240.36218037379118
20.9 	 -235.86707209145
20.890001 	 -232.0974356198665
20.880001 	 -231.61333062729383
20.870003 	 -232.0015370569048
20.860003 	 -232.6061338267389
20.850002 	 -233.16775422937394
20.840002 	 -233.80205782137298
20.830002 	 -234.38844133530955
20.820002 	 -235.01675683468852
20.810001 	 -235.5395074426102
20.800003 	 -235.92866141986735
20.790003 	 -236.34766356117538
20.780003 	 -236.61942408508975
20.770002 	 -236.85470830969348
20.760002 	 -237.11548986788236
20.750002 	 -237.10273776364846
20.740002 	 -236.9952210699406
20.730001 	 -236.68758913447417
20.720001 	 -236.57398672281164
20.710003 	 -236.4356974724434
20.700003 	 -236.12671768253708
20.690002 	 -235.89847205579517
20.680002 	 -235.67496991579773
20.670002 	 -235.36803880322827
20.660002 	 -235.1330283742941
20.650002 	 -234.8070581257026
20.640003 	 -234.49006867503678
20.630003 	 -234.14742519826194
20.620003 	 -233.86629224310826
20.610003 	 -233.61786668513287
20.600002 	 -233.37205246642145
20.590002 	 -233.1967669367572
20.580002 	 -233.2317709227383
20.570002 	 -233.710493082807
20.560001 	 -235.1046993514511
20.550003 	 -239.08471091638293
20.540003 	 -240.3025375606738
20.530003 	 -241.68907595156654
20.520002 	 -241.27822224055137
19.980001 	 -242.36611561734756
19.940002 	 -241.6892599581399
19.91 	 -241.6893209600005
19.9 	 -234.93187787178803
19.890001 	 -233.64529490916527
19.880001 	 -233.86292310716408
19.870003 	 -234.44007532627884
19.860003 	 -235.11997609435153
19.850002 	 -235.7118218808844
19.840002 	 -236.4185049844281
19.830002 	 -236.9544440865478
19.820002 	 -237.46455854624688
19.810001 	 -237.95199753303643
19.800003 	 -238.51752868422554
19.790003 	 -238.99107320252773
19.780003 	 -239.14728414243504
19.770002 	 -239.43698095967105
19.760002 	 -239.48380033936314
19.750002 	 -239.58271258418714
19.740002 	 -239.27728401932782
19.730001 	 -239.2418723006333
19.720001 	 -238.8317499470777
19.710003 	 -238.77563743346832
19.700003 	 -238.46837069908756
19.690002 	 -238.1781641136899
19.680002 	 -237.82194635851224
19.670002 	 -237.48769765594145
19.660002 	 -237.35184569906252
19.650002 	 -236.9633104301421
19.640003 	 -236.6743488821758
19.630003 	 -236.37251246145976
19.620003 	 -236.00325780262455
19.610003 	 -235.69008153901112
19.600002 	 -235.38462740435386
19.590002 	 -235.1091294567797
19.580002 	 -234.94226701756088
19.570002 	 -235.03156883814125
19.560001 	 -235.77200145432928
19.550003 	 -238.02669607518112
19.540003 	 -241.33794511858153
19.530003 	 -242.0302743208113
19.520002 	 -244.41373433274998
18.91 	 -239.95194416063245
18.9 	 -235.95077918374713
18.890001 	 -235.75124545607142
18.880001 	 -236.35086553595724
18.870003 	 -237.04495437483175
18.860003 	 -237.76643661837346
18.850002 	 -238.37778188854304
18.840002 	 -239.09014319154508
18.830002 	 -239.71135562026186
18.820002 	 -240.2791982669689
18.810001 	 -240.80416056572653
18.800003 	 -241.15070767193274
18.790003 	 -241.24620811231645
18.780003 	 -242.08886989190833
18.770002 	 -241.92248703246642
18.760002 	 -241.84917237490353
18.750002 	 -241.88578740364838
18.740002 	 -241.71629562118966
18.730001 	 -241.37700634504006
18.720001 	 -241.313523172785
18.710003 	 -240.981446699921
18.700003 	 -240.8317910956
18.690002 	 -240.64731088298598
18.680002 	 -240.1374083855534
18.670002 	 -239.86081025442002
18.660002 	 -239.60631794739152
18.650002 	 -239.2598242971797
18.640003 	 -238.92408244212558
18.630003 	 -238.57088429686897
18.620003 	 -238.23603102429396
18.610003 	 -237.87216659409546
18.600002 	 -237.5033631812279
18.590002 	 -237.1499233108217
18.580002 	 -236.88157106246982
18.570002 	 -236.7600545939542
18.560001 	 -236.96849329443765
18.550003 	 -238.1931921653767
18.540003 	 -243.07165030117045
18.530003 	 -243.1784125557195
18.520002 	 -244.39623920001037
17.92 	 -245.37186287802734
17.910002 	 -238.74394226195707
17.9 	 -237.7676639242445
17.889999 	 -238.2311216961271
17.880001 	 -238.9662116147824
17.870001 	 -239.75748980168086
17.860001 	 -240.48524833228757
17.850002 	 -241.14480547825437
17.840002 	 -241.8786986822014
17.830002 	 -242.51031840748337
17.820002 	 -243.04083012156167
17.810001 	 -243.62399919776945
17.800003 	 -244.17670949431266
17.790003 	 -243.82614723620873
17.780003 	 -244.23304366428326
17.770002 	 -244.35137585069535
17.760002 	 -244.2340809341497
17.750002 	 -244.29082464324904
17.740002 	 -244.29134377797615
17.730001 	 -243.82959626595968
17.720001 	 -243.36528316603972
17.710003 	 -243.51681643281964
17.700003 	 -243.2574231133187
17.690002 	 -242.81262938897905
17.680002 	 -242.4978582958992
17.670002 	 -242.22307566907028
17.660002 	 -241.95803524820536
17.650002 	 -241.6985155377134
17.640003 	 -241.1734980724882
17.630003 	 -240.8710556082154
17.620003 	 -240.54648344839802
17.610003 	 -240.1484557814927
17.600002 	 -239.69527651791114
17.590002 	 -239.335632234644
17.580002 	 -238.96148499284908
17.570002 	 -238.68368240689827
17.560001 	 -238.58436756206888
17.550003 	 -239.0239233504334
17.540003 	 -241.10349472485092
17.530003 	 -245.26323360831216
17.520002 	 -246.32307904687127
17.510002 	 -247.13610413762402
17.500002 	 -247.13622614506662
16.940002 	 -248.50638199275733
16.92 	 -244.06756402269724
16.91 	 -239.9828373605816
16.9 	 -240.08284917499924
16.889999 	 -240.89601809665743
16.880001 	 -241.69552384713174
16.870003 	 -242.51290122410475
16.860001 	 -243.18560726149585
16.850002 	 -244.03122914858014
16.840002 	 -244.8635189272374
16.830002 	 -245.41723774724068
16.820002 	 -245.76040317475238
16.810001 	 -245.87961753037516
16.800003 	 -246.34926112826508
16.790001 	 -246.75627664068588
16.780003 	 -247.1109174487934
16.770002 	 -247.4466695653241
16.760002 	 -247.95547192137317
16.750002 	 -247.26786634981306
16.740002 	 -247.1115595043792
16.730001 	 -246.7574377656949
16.720001 	 -245.92412118479848
16.710003 	 -245.88297632138034
16.700003 	 -245.59500245134166
16.690002 	 -245.301158611456
16.680002 	 -245.020139050177
16.670002 	 -244.76128621323429
16.660002 	 -244.35808165825213
16.650002 	 -243.96500545478636
16.640003 	 -243.74322228736196
16.630003 	 -243.17145830723382
16.620003 	 -242.83780951184272
16.610003 	 -242.41379858183686
16.600002 	 -242.01496480886766
16.590002 	 -241.59747751539103
16.580002 	 -241.13911831503466
16.570002 	 -240.75275490182852
16.560001 	 -240.4385330798328
16.550003 	 -240.44094345340991
16.540003 	 -241.36238827203928
16.530003 	 -246.98902962035933
16.520002 	 -247.65554276908833
16.510002 	 -248.46702213606036
16.500002 	 -250.53044718664125
15.93 	 -250.53047818712176
15.92 	 -242.6326732275064
15.91 	 -242.0105032325559
15.9 	 -242.77966692621354
15.89 	 -243.6461725623625
15.88 	 -244.4727843215315
15.87 	 -245.2312508805389
15.860001 	 -245.92463574168843
15.85 	 -246.74995562083848
15.84 	 -247.63319646041236
15.83 	 -247.9109003602923
15.820002 	 -248.60322956252205
15.81 	 -249.05470076392402
15.8 	 -249.6168697571139
15.780003 	 -250.31013894511645
15.770002 	 -249.05509779612848
15.760002 	 -249.89949925700256
15.750002 	 -249.05540382326203
15.740002 	 -249.21210770834375
15.730002 	 -248.7014651013243
15.720002 	 -248.8053108267871
15.710002 	 -248.2954877781589
15.700003 	 -248.17091118402124
15.690002 	 -247.82755368795293
15.680002 	 -247.19931306418906
15.670002 	 -247.15721739222562
15.660002 	 -246.89746898471017
15.650002 	 -246.35658387003582
15.640002 	 -246.0936425906656
15.630002 	 -245.464816615338
15.620003 	 -245.22662796482763
15.610003 	 -244.78779346241774
15.600002 	 -244.38355191177885
15.590002 	 -243.89829463265556
15.580002 	 -243.43716239452826
15.570003 	 -242.9829854651423
15.560002 	 -242.5301816715476
15.550002 	 -242.2134828592142
15.540003 	 -242.40802442773622
15.530003 	 -244.14981752978423
15.520002 	 -249.39106271597183
15.510002 	 -249.7209855969794
15.500002 	 -250.9991952678522
15.490003 	 -252.5957989964652
14.93 	 -248.30758245672124
14.92 	 -244.11944371859084
14.91 	 -244.6062287274527
14.9 	 -245.54518519970333
14.89 	 -246.43784864606118
14.88 	 -247.281390205614
14.87 	 -248.05451928041217
14.860001 	 -248.6806819277386
14.85 	 -249.64184082068195
14.84 	 -249.83869297531047
14.830002 	 -250.89616040056043
14.82 	 -251.18408650278502
14.810002 	 -251.58973462763976
14.800002 	 -252.2830038156423
14.790002 	 -252.95995147719105
14.760002 	 -251.87218110510764
14.750002 	 -252.28318782221567
14.740002 	 -251.5901016435163
14.730002 	 -252.28337083151885
14.720002 	 -250.49167236415138
14.710002 	 -250.49203843114574
14.700003 	 -250.7782667338749
14.690002 	 -250.41137658867368
14.680002 	 -249.71988672655138
14.670002 	 -249.61091561776914
14.660002 	 -249.06698344277635
14.650002 	 -248.79103774686612
14.640002 	 -248.7060837785852
14.630002 	 -248.02911584617507
14.620003 	 -247.5864790368172
14.610003 	 -247.17884858472243
14.600002 	 -246.7582068278397
14.590002 	 -246.32884318308348
14.580002 	 -245.79011153965723
14.570003 	 -245.32705675496422
14.560002 	 -244.79562351911437
14.550002 	 -244.32993144081362
14.540003 	 -244.06044995718983
14.530003 	 -244.6369419762701
14.520002 	 -251.14277472236984
14.510002 	 -251.93164393833933
14.500002 	 -252.6929952123457
14.490003 	 -254.6251980457837
13.93 	 -246.66913661577794
13.92 	 -246.40505840259735
13.91 	 -247.48957383980124
13.9 	 -248.498697218578
13.89 	 -249.52158485173243
13.88 	 -250.3494683237923
13.87 	 -251.1410836718427
13.860001 	 -252.05911257952928
13.85 	 -252.87059194650132
13.84 	 -253.5639831568341
13.83 	 -254.25725234483664
13.82 	 -254.25731334669723
13.8 	 -254.93426100824598
13.79 	 -253.84649063616257
13.760002 	 -254.93438401295876
13.750002 	 -254.93441501343926
13.740002 	 -254.93444601391977
13.730002 	 -254.2575903547121
13.720002 	 -254.93453801626086
13.710002 	 -253.56453517649325
13.700003 	 -253.33824030727666
13.690002 	 -252.2419620562606
13.680002 	 -252.3125053320602
13.670002 	 -252.17940103062614
13.660002 	 -251.73294652430556
13.650002 	 -251.23926933635576
13.640002 	 -250.7643415566979
13.630002 	 -250.62534432354605
13.620003 	 -250.09838306290263
13.610003 	 -249.7417995154188
13.600002 	 -249.31187259562563
13.590002 	 -248.79450935717807
13.580002 	 -248.28466160517152
13.570003 	 -247.71026143362667
13.560002 	 -247.14834441392478
13.550002 	 -246.60947318544765
13.540003 	 -246.10181261146894
13.530003 	 -245.95069987152092
13.520002 	 -247.32101484877774
13.510002 	 -253.47606684634917
13.500002 	 -253.9623679767217
13.490003 	 -254.53640040401902
12.940001 	 -253.12435897535536
12.93 	 -248.42955193055394
12.92 	 -249.29779527073424
12.91 	 -250.480382037629
12.9 	 -251.51066799454244
12.89 	 -252.34075376445037
12.88 	 -253.32099925537298
12.87 	 -254.65802343618674
12.860001 	 -255.85685168226706
12.85 	 -255.34829434215595
12.84 	 -256.94489807076894
12.83 	 -256.9449290712494
12.82 	 -256.94496007172995
12.8 	 -256.9449910722104
12.770002 	 -256.94502207269096
12.760002 	 -256.94505307317144
12.740002 	 -256.94508407365197
12.720002 	 -255.85731370156856
12.710002 	 -256.2683204186766
12.700003 	 -256.94526808022533
12.690002 	 -256.2684124210177
12.680002 	 -255.16986113421012
12.670002 	 -255.34909238240567
12.660002 	 -254.3957470348166
12.650002 	 -254.0719819528196
12.640002 	 -253.74337151380038
12.630002 	 -253.01179211579108
12.620003 	 -252.7901108090911
12.610003 	 -252.40220936565987
12.600002 	 -251.8456253967403
12.590002 	 -251.27098609957633
12.580002 	 -250.75940190210372
12.570003 	 -250.22523850738207
12.560002 	 -249.6512782020937
12.550002 	 -249.02959456087643
12.540003 	 -248.42375894454432
12.530003 	 -247.8680196697059
12.520002 	 -248.10021610495895
12.510002 	 -256.2044633638448
12.500002 	 -255.9984813175042
12.490003 	 -256.57251374480154
12.480002 	 -257.66777130323845
11.940001 	 -250.80649347760863
11.93 	 -251.03722781803674
11.92 	 -252.42070997136042
11.91 	 -253.71147748868876
11.9 	 -254.61306851499702
11.89 	 -256.13840323519844
11.88 	 -256.57371509312827
11.87 	 -257.36072438815967
11.860001 	 -257.86952674420877
11.85 	 -258.95742012100493
11.720002 	 -258.9574511214854
11.700003 	 -257.5874482817178
11.690002 	 -258.95760412940854
11.680002 	 -258.2807484702009
11.670002 	 -256.89451511094154
11.660002 	 -256.89475914071437
11.650002 	 -257.36173347438796
11.640002 	 -257.1828382546447
11.630002 	 -255.6783368943232
11.620003 	 -255.26163325344035
11.610003 	 -255.06417833521658
11.600002 	 -254.5003023355017
11.590002 	 -254.09010840951646
11.580002 	 -253.47118347572356
11.570003 	 -252.8609411517868
11.560002 	 -252.25169801757204
11.550002 	 -251.56033896699748
11.540003 	 -250.9009869251515
11.530003 	 -250.19951082269412
11.520002 	 -249.699864026258
11.510002 	 -250.6525068195821
11.500002 	 -257.951488577952
11.490003 	 -258.00699840824797
11.480002 	 -259.2852080791207
11.470002 	 -260.20492514804556
10.95 	 -257.43137336203665
10.940001 	 -252.99161604295963
10.93 	 -254.3296244595821
10.92 	 -255.54094947495858
10.91 	 -256.7820722340813
10.9 	 -257.92795701053996
10.89 	 -259.63337632799966
10.88 	 -260.3266455160022
10.87 	 -261.00359317755095
10.860001 	 -261.00362417803143
10.730002 	 -261.00365517851196
10.700003 	 -261.00368617899244
10.690002 	 -261.00371717947297
10.670002 	 -261.00374817995345
10.660002 	 -260.3268925207458
10.650002 	 -259.63380634204646
10.640002 	 -258.7176376176149
10.630002 	 -258.31138525663005
10.620003 	 -258.1868086624924
10.610003 	 -257.72506115047594
10.600002 	 -257.10965080821563
10.590002 	 -256.7327235845367
10.580002 	 -256.01479617075614
10.570003 	 -255.49670301409407
10.560002 	 -254.89150061691777
10.550002 	 -254.1894402216272
10.540003 	 -253.51499351528895
10.530003 	 -252.7208352189371
10.520002 	 -251.8996859002339
10.510002 	 -251.72051925436398
10.500002 	 -260.5224763858637
10.490003 	 -260.9739475872657
10.480002 	 -262.9061504207036
10.470002 	 -262.22929476149596
9.95 	 -255.22752802999784
9.940001 	 -255.949012037991
9.93 	 -257.7038376344897
9.92 	 -259.1210043556381
9.91 	 -259.89900332898054
9.9 	 -260.7333272029163
9.89 	 -261.6499229813124
9.690002 	 -263.0200788290031
9.670002 	 -262.34322316979546
9.650002 	 -263.0201708313442
9.640002 	 -261.9324004592608
9.630002 	 -262.3434071763688
9.620003 	 -261.2448558895613
9.610003 	 -260.47058877846206
9.600002 	 -259.77909891633976
9.590002 	 -259.3482899784547
9.580002 	 -259.1070634938549
9.570003 	 -258.11303898225657
9.560002 	 -257.74111195697424
9.550002 	 -257.0008659065987
9.540003 	 -256.1588378449052
9.530003 	 -255.35599587825567
9.520002 	 -254.52344668663255
9.510002 	 -253.63102492576178
9.500002 	 -254.11833606491092
9.490003 	 -262.32944051834
9.480002 	 -263.15426802828205
9.470002 	 -262.70334690624196
9.460003 	 -265.0868069181807
8.96 	 -262.70371396318313
8.95 	 -257.6674260117185
8.940001 	 -259.73993704908963
8.93 	 -260.92861800984224
8.92 	 -262.22024381973216
8.91 	 -263.55341417014523
8.89 	 -265.1500178987582
8.88 	 -265.15004889923875
8.640002 	 -265.15007989971923
8.630002 	 -265.15011090019976
8.620003 	 -264.4732552409921
8.610003 	 -263.08702188173277
8.600002 	 -262.7673229768356
8.590002 	 -262.6008339125723
8.580002 	 -262.07639813511315
8.570003 	 -261.17852078683666
8.560002 	 -260.58412479812193
8.550002 	 -259.839483647833
8.540003 	 -259.01733315799163
8.530003 	 -258.1080235483292
8.520002 	 -257.2191830168303
8.510002 	 -256.2217163657883
8.500002 	 -255.50916846220042
8.490003 	 -266.4343305738919
8.480002 	 -266.0234768628767
8.470002 	 -265.74133639942477
7.96 	 -259.6765110829996
7.95 	 -261.0542615569753
7.94 	 -262.9609598628458
7.93 	 -264.5588297630476
7.92 	 -265.8120198227334
7.91 	 -266.50528901073596
7.9 	 -267.18223667228466
7.640002 	 -267.1822676727652
7.620002 	 -266.5054120135576
7.610003 	 -266.50547301541815
7.600002 	 -266.5055340172787
7.590002 	 -266.0946803062635
7.580002 	 -264.63262460685763
7.570003 	 -264.3650540832043
7.560002 	 -263.46130046361674
7.550002 	 -262.7345599898863
7.540002 	 -261.81409618681454
7.530003 	 -260.91084543654966
7.520002 	 -260.1183311379148
7.510002 	 -259.11468051152866
7.500002 	 -257.82162240705026
7.490003 	 -257.78511440843664
7.480002 	 -267.68241429854686
7.470002 	 -267.52610745311296
7.460002 	 -267.68281133819465
6.97 	 -268.7816066436093
6.96 	 -262.71381143604884
6.95 	 -265.588826328902
6.94 	 -266.66885482310437
6.93 	 -269.4872906365122
6.92 	 -269.48732163699276
6.590002 	 -269.4873526374733
6.580002 	 -268.39958226538994
6.570003 	 -267.55548683164943
6.560002 	 -266.2844188382881
6.550002 	 -265.69768675503724
6.540002 	 -264.7782644724498
6.530003 	 -264.16180953078066
6.520002 	 -263.23128646884135
6.510002 	 -262.0116513206063
6.500002 	 -260.9168408788821
6.490003 	 -259.6006574437409
6.480002 	 -270.75053553573446
6.460002 	 -271.42748319728315
5.97 	 -264.5304611451406
5.96 	 -266.8016365283306
5.95 	 -268.5878234702745
5.94 	 -270.3746824854906
5.560002 	 -269.8661251453795
5.550002 	 -269.07960491851446
5.540002 	 -268.1828816050288
5.530003 	 -267.419141649045
5.520002 	 -266.12471665541875
5.510002 	 -265.34366403971137
5.500002 	 -264.04976264192857
5.490003 	 -262.38180385033206
5.480002 	 -261.63716772941126
5.470002 	 -272.4012073600888
5.460002 	 -273.32092442901364
5.450003 	 -272.91007071799845
4.97 	 -268.03987287404806
4.96 	 -271.82724569785233
4.95 	 -272.6402707886051
4.550002 	 -273.33353997660765
4.540002 	 -271.38769082941286
4.530003 	 -271.0314429766646
4.520002 	 -270.0201542329305
4.510002 	 -268.4643793070324
4.500002 	 -267.12313791310345
4.490003 	 -266.0894172798768
4.480002 	 -263.96730645099535
3.98 	 -269.32691536231073
3.97 	 -272.9861715071564
3.96 	 -274.77303052237255
3.530002 	 -274.26447318226144
3.520002 	 -273.1681949312454
3.510002 	 -271.9651170084293
3.500002 	 -271.3041048384794
3.490002 	 -269.2185892642493
3.480002 	 -267.3781607266427
3.470002 	 -265.7382345746602
2.98 	 -275.55214455448765
2.500002 	 -274.14842993799004
2.490002 	 -272.80362909865823
2.480002 	 -272.10032787888326
2.470002 	 -268.77214171638406
1.99 	 -275.8997478176147
1.480002 	 -275.00510850879067
1.470002 	 -273.186885395813
1.460002 	 -270.15767975390617
0.460002 	 -274.27531294502535
-0.549998 	 -274.97342845938476
-2.559998 	 -280.51475625757166