-2.001736111111111	0.0
-2.0	5.0410530239601747631174887192584091692566913828049e-16
-1.9982638888888888	0.0
-1.9965277777777777	0.0
-1.9947916666666667	0.0
-1.9930555555555556	0.00000000000001109865995804692875648340223091714803157354439773
-1.9913194444444444	0.0
-1.9895833333333333	0.0000000000000021220926940880409471598709483686116938255607756571
-1.9878472222222223	0.0000000000000019689260231335618554820313744679966999951625661891
-1.9861111111111112	0.00000000000011374394251626388795604446459615494895617041030612
-1.984375	0.000000000000001100993181497458564902872177745310974436298214828
-1.9826388888888888	0.00000000000004378302918414241399566124032503301945835384503796
-1.9809027777777777	0.000000000000040419179428593752904831224712539216617458435098079
-1.9791666666666667	0.00000000000080328506536468853786287265247518477108704318512795
-1.9774305555555556	0.000000000000031389243542987742853264738574222678599820156088112
-1.9756944444444444	0.00000000000047298717268504316857947733613442442005276158119232
-1.9739583333333333	0.00000000000043170983308367992269277659871150518031546087856619
-1.9722222222222223	0.0000000000042450918400210516816060068401759819953721546525846
-1.9704861111111112	0.00000000000040413101354699872355629051475760619576434919962455
-1.96875	0.000000000003318348502889025248290866679625700388716623104312
-1.9670138888888888	0.0000000000030615224169238017369173637719087450977427167024228
-1.9652777777777777	0.000000000018238083422472718595579749709154931923336920594169
-1.9635416666666667	0.0000000000034383425805248532780628397669698526717154136030728
-1.9618055555555556	0.000000000018054498931970684965413852208811520377689213337658
-1.9600694444444444	0.000000000016895373820634964983752760515685320967125639093751
-1.9583333333333333	0.000000000068420133487486355143417780431345797346365833654155
-1.9565972222222223	0.00000000002145570624084315788291124094724678597421227534478
-1.9548611111111112	0.000000000080605904570400517650760141686368323955796844853041
-1.953125	0.000000000076503568970852341497922218094792481375957206660498
-1.9513888888888888	0.00000000022573288512927094423314302711351503111788131915534
-1.9496527777777777	0.00000000010594539414219351796239991886226122784983423752653
-1.9479166666666667	0.00000000030147614435855858639067262466974346817174888456717
-1.9461805555555556	0.00000000029424122575183719310277687889499798168034029499914
-1.9444444444444444	0.00000000068550379067284861285015263999564555601093033554173
-1.9427083333333333	0.00000000043219465171818421045388677675999337995184925236081
-1.9409722222222223	0.0000000009851428892899556003877291949241645719870749596534
-1.9392361111111112	0.00000000099239996999054365633321310996507045074059760236009
-1.9375	0.0000000019234308062987320074315683954735056033536812403107
-1.9357638888888888	0.0000000015209819388895712376543127496589524858614417617976
-1.9340277777777777	0.0000000029132425286493045442745045152130620605000506149417
-1.9322916666666667	0.0000000030488835181867107445071820870944358352285380108195
-1.9305555555555556	0.0000000051236019825042478735378423459010338091470800416985
-1.9288194444444444	0.0000000047078975263682823286916475553241277756141669377893
-1.9270833333333333	0.0000000078159657208747188908802065538798088850019870365804
-1.9253472222222223	0.0000000084136275204667060464422933246742031452661931093688
-1.9236111111111112	0.000000012733113623418510718264939957389100760907473581693
-1.921875	0.000000013061790454121134985738236966532708457821842100968
-1.9201388888888888	0.000000019650194860849967863332066792320437549143507138925
-1.9184027777777777	0.000000021857679269530607393317328661468149961840409470074
-1.9166666666666667	0.000000030611185404173285736653169967491390723017444942732
-1.9149305555555556	0.000000033406000966616478100475311641975478495165062352835
-1.9131944444444444	0.000000046379646024136050836863377710157664259172718386824
-1.9114583333333333	0.000000052863549468500388267283182377313108986029403496061
-1.9097222222222223	0.000000069962537101371482793490715704757304512578658844668
-1.9079861111111112	0.000000079130549796701891324989312536792984617406608484226
-1.90625	0.00000010377583933398018394536086967645901206493327271792
-1.9045138888888888	0.00000011929713562088637506653856941722343366457598795351
-1.9027777777777777	0.00000015246516159457422159914707756477568359035752432649
-1.9010416666666667	0.00000017577508477908097795115822820624577195413818518758
-1.8993055555555556	0.000000220622380956888203739481153935260372682439825545
-1.8975694444444444	0.00000025777551338005378508634100515203099651275537386824
-1.8958333333333333	0.00000031793168860083159184005046686196140214685519595928
-1.8940972222222223	0.00000037028450168255065642628492090332900462421742716797
-1.8923611111111112	0.00000045106227919839352247560230860690831067278104032995
-1.890625	0.00000052754887571477557107333462440967531065433846877845
-1.8888888888888888	0.0000006351791027462489459985779579519698930762166841842
-1.8871527777777777	0.00000073841626330348008476264124118649126982519460746942
-1.8854166666666667	0.00000088156333774268736025304439933289382513200182885387
-1.8836805555555556	0.0000010216266818257768151796739111039273494304162156987
-1.8819444444444444	0.0000012141099397202508793622207382101833615969750199854
-1.8802083333333333	0.0000014075014573059563470484439529719712633632765269123
-1.8784722222222223	0.0000016536574633756371696388737402753689324256103805027
-1.8767361111111112	0.0000019127134151142221338451956263307496692673002333129
-1.875	0.0000022421845944417152864300417454615932809214155273219
-1.8732638888888888	0.0000025765488943901850816039643644600443383527655311856
-1.8715277777777777	0.0000029981046534242312357383558116432974866546018113511
-1.8697916666666667	0.0000034358398544755303997738225666170519583733162869144
-1.8680555555555556	0.0000039697006851403997300034428349479312714020220474484
-1.8663194444444444	0.0000045531811212770240453678784859500346125361732010236
-1.8645833333333333	0.0000052539695685100357471359519873417529505599026481449
-1.8628472222222223	0.0000059792984118496533132769057410776488565415138558955
-1.8611111111111112	0.0000068116667253252347992974742914302348916974387942586
-1.859375	0.0000077490906907724829094544302274827057836238511864919
-1.8576388888888888	0.0000088050899878510773491379626566589331465209827972004
-1.8559027777777777	0.000010013616012974927774639337392325585034531796369389
-1.8541666666666667	0.000011384798355582527961892221873162754452700601398905
-1.8524305555555556	0.000012796548355963899248301131483895622396812842582666
-1.8506944444444444	0.000014454802528919175664312710479787390767082601826766
-1.8489583333333333	0.000016178995696258237232456952557500711700227607484051
-1.8472222222222223	0.000018299291581065119158580276984452164680644230434
-1.8454861111111112	0.000020432772909668041670557335014195267115644604759293
-1.84375	0.000022948682971516278631665483577553710032724405169676
-1.8420138888888888	0.000025550022941494018487778525232958763401095938962382
-1.8402777777777777	0.000028354524187512241968885318498285779227631968173108
-1.8385416666666667	0.00003169062858119708544606204077975546765048949067079
-1.8368055555555556	0.000035362846501176603515473781050351281331683471510649
-1.8350694444444444	0.00003924691993968813305416440458217059088248420353164
-1.8333333333333333	0.000043600174898661742602228787008045088465382286045533
-1.8315972222222223	0.000048562879324889042076845527409337361913180444606216
-1.8298611111111112	0.000053664682660632964763579877335428609679326614526826
-1.828125	0.000058924145195749840636503740020122771496020746023021
-1.8263888888888888	0.000064850258308560842972355746796643615278287102630621
-1.8246527777777777	0.000071282019515614779069730748699763917902589693776252
-1.8229166666666667	0.000078373475263908839163801220896967359778786673564757
-1.8211805555555556	0.00008574950074373301523321875893727147655641325520039
-1.8194444444444444	0.000093583308078027201184383249373341028188265759415098
-1.8177083333333333	0.00010189761338159335443693920404411280568225719032525
-1.8159722222222223	0.00011125262655888863564727460602147902209687901512616
-1.8142361111111112	0.00012139960137800993315542244836070297656924280021835
-1.8125	0.00013264718418259020664915982563000078175757253653599
-1.8107638888888888	0.00014350234332087941990386458202111409660528922607256
-1.8090277777777777	0.00015613562506810685675464202243901724430249703518019
-1.8072916666666667	0.00016919775176006315776354726374726944259652167772093
-1.8055555555555556	0.00018382335806418259085377497242680224605544997758386
-1.8038194444444444	0.00019729882987426986927406115734889843102091116600467
-1.8020833333333333	0.00021146583732252331827520220170873516928396987893281
-1.8003472222222223	0.00022901810786350118917036003644322246738852361290224
-1.7986111111111112	0.00024725811064423974113800105105011649749548307948494
-1.796875	0.00026471807642274602206197158902184053508592248012273
-1.7951388888888888	0.00028491242106697493689316876819281937942982021980528
-1.7934027777777777	0.00030703008767286880782377915600802667171221097558178
-1.7916666666666667	0.00032889311859297405455623129413651032916797134836504
-1.7899305555555556	0.00035089127578448210247935324186209346608459125689292
-1.7881944444444444	0.00037342845787634527374876751286306272511384396317836
-1.7864583333333333	0.00039828837388945789019195380607699675451803682952262
-1.7847222222222223	0.00042649803645911869865152629166017750428803990673957
-1.7829861111111112	0.00045571515056585936954183045021933118301647885849013
-1.78125	0.00048526662797130643682572776960476604499397887246683
-1.7795138888888888	0.00051878642784948501468266814119038258068604993172533
-1.7777777777777777	0.00054939434050631271051015169205719695063100405470617
-1.7760416666666667	0.00058461210547739497734494298136144143668407139675953
-1.7743055555555556	0.00061917505628780553467828498524282580762780385676218
-1.7725694444444444	0.00066026530783796850499128859205181466471241931131342
-1.7708333333333333	0.00069478902384555599123380891429783615585856719592605
-1.7690972222222223	0.00073333097702294389718436201411876358145647320917301
-1.7673611111111112	0.0007720092373367474439125070544557131899717305364515
-1.765625	0.00081324482833020218310282358786669785455055175531229
-1.7638888888888888	0.00085345313380432530114329437404618761777173187169596
-1.7621527777777777	0.00089936061286698254470288614318627734078859208521412
-1.7604166666666667	0.00094762551799230935328955964542006118852824458318913
-1.7586805555555556	0.00099795742785375617655019209587919352665922654396712
-1.7569444444444444	0.0010520035165806068477814302738421668088685821239131
-1.7552083333333333	0.0010987373013588278116391629321685578044206549557176
-1.7534722222222223	0.0011512681418373552249577309403552634526540825037892
-1.7517361111111112	0.0012041784376549096145826486059149233907422245222121
-1.75	0.0012542352282978918393501948675409105023782009930532
-1.7482638888888888	0.001311033881625736529557618223937520825785810661402
-1.7465277777777777	0.0013659774415935273887501298720560506919588787634165
-1.7447916666666667	0.0014207499190147957343133314461751538727165523674767
-1.7430555555555556	0.0014831268440000435886436988165473141743487047692862
-1.7413194444444444	0.001545913194519698875050846672810392118996882140032
-1.7395833333333333	0.0016061214914237756486138456724979426232148177888772
-1.7378472222222223	0.001663387848570829969131462965952394862657896643386
-1.7361111111111112	0.0017251780481864347802377194359789552328086321263144
-1.734375	0.0017971839769443333515147194850977737253411291581662
-1.7326388888888888	0.001863638999431236282170698577508055836567137465102
-1.7309027777777777	0.0019240962854606915866145851932551064595445342648225
-1.7291666666666667	0.0019901248330624471492843445434487802317598174421412
-1.7274305555555556	0.0020722515849154640383235600464328646381761144681728
-1.7256944444444444	0.0021428635741627638426622141241806998744424629620267
-1.7239583333333333	0.0022085324572705853606995799168340324457750675492121
-1.7222222222222223	0.0023042850563220332541437453956307798837687289468456
-1.7204861111111112	0.0023818134975216550940872524089865218012677873353959
-1.71875	0.0024653821417357644794201041305180917604394872365549
-1.7170138888888888	0.0025369055656652716570166877949010015643338206435003
-1.7152777777777777	0.0026225202579163273714561436702476970551636187761751
-1.7135416666666667	0.0026955477076159062025459450132862297739344110456975
-1.7118055555555556	0.0027593303742998580793017444621913415044512445113079
-1.7100694444444444	0.0028417103575905143161335408220987238306788411012471
-1.7083333333333333	0.0029336119714429599462626366072761613917667171956662
-1.7065972222222223	0.0030221079500030385226743748389546943939597019439364
-1.7048611111111112	0.0030837632801329763902339520866741710985946060227873
-1.703125	0.0031624822930164346951075165491953592439418889479893
-1.7013888888888888	0.0032490316416724903812545098516069225066722668563565
-1.6996527777777777	0.003323269073941582068879969431306450191563923943084
-1.6979166666666667	0.003401103057027335023150977278710097521844345757238
-1.6961805555555556	0.0034843961491404358210869958580004086908732488600224
-1.6944444444444444	0.0035645858639111957335823908339940056109432635306295
-1.6927083333333333	0.0036458060532824833120735495476870654666985682555132
-1.6909722222222223	0.0037411940863774108523671793123661124213834414954232
-1.6892361111111112	0.0038113784134510378944201888580777356358316174455645
-1.6875	0.0038916942330643538158489568330367308935506841328252
-1.6857638888888888	0.0039574008152351779004133081889431210937391848803157
-1.6840277777777777	0.0040521958925444102518442580017315430593943935239599
-1.6822916666666667	0.0041140162472031772209925170421560265123383245878274
-1.6805555555555556	0.0041822887042723800631749891165222226293891877875744
-1.6788194444444444	0.0042707385944491900760163015588285806648504610126722
-1.6770833333333333	0.004344453285419398650373225604081986850319312191588
-1.6753472222222223	0.0044163707789149379377452580899945743018247408015047
-1.6736111111111112	0.0044932981481988953609748425085415152208821121585811
-1.671875	0.0045771013833136138305437803035224546155302824813072
-1.6701388888888888	0.0046094251286766983211829721722622009491952161164175
-1.6684027777777777	0.0046882463803853322199844637246278713457934933864038
-1.6666666666666667	0.0047338972760760087771253260358640896316548507167627
-1.6649305555555556	0.0047927547280944021235263816888668014045158121233943
-1.6631944444444444	0.0048763430429204171583402923729118440026156822374571
-1.6614583333333333	0.0049323992969094292514365767026006252634775027106448
-1.6597222222222223	0.005011302708847301887745230217580339353649211855375
-1.6579861111111112	0.005044179626853667928908737913168825820307602859818
-1.65625	0.0050959763797480493911752623157998910782099804714252
-1.6545138888888888	0.0051532587828103765029070910053211364914777351211586
-1.6527777777777777	0.0052013341103946077754957429770558049866165503111343
-1.6510416666666667	0.0052544329878581393266864654297875922091371346174502
-1.6493055555555556	0.0053060264499235604474730429132753277675181223740028
-1.6475694444444444	0.0053622874904452125838762361541058494350752469800239
-1.6458333333333333	0.0053934908524471244240812299706688964460055957207397
-1.6440972222222223	0.0054278425308172635700779342094213804727712341724803
-1.6423611111111112	0.005470584207978934966082928016018063530895128097167
-1.640625	0.0055163169040458700024357023622188591353909279485057
-1.6388888888888888	0.0055428497102234085198822471335241790794108789907029
-1.6371527777777777	0.0055904947516254519814106897373493743540572642239249
-1.6354166666666667	0.0056041272761983441604595897747074930378369284944712
-1.6336805555555556	0.0056409820466643192451843696228993004314419479350075
-1.6319444444444444	0.0056460095576429170684284684529372809481526166595246
-1.6302083333333333	0.0056810367725618679022760584764166612582451258245937
-1.6284722222222223	0.0057158994694259296900900093485906167139743016834247
-1.6267361111111112	0.005737973889216346855000855438358022887670746880049
-1.625	0.0057618402480207925089245169540899647529150291205489
-1.6232638888888888	0.0057669560201869404799555637092793815665605719628395
-1.6215277777777777	0.0057756607628749193488806158459837046305186733531851
-1.6197916666666667	0.0057937199757557232922973946704121391503779108058587
-1.6180555555555556	0.0057928837674422286108687550392169515830809427143687
-1.6163194444444444	0.0057927779685041137919413748167295992336933960315247
-1.6145833333333333	0.0057991016621298920727897753280654254875176333363187
-1.6128472222222223	0.005794536333232749509248296677906376881147248555947
-1.6111111111111112	0.005758191333571163571963234563748001840804676424068
-1.609375	0.0057714664690560045922815028851166716116588614040172
-1.6076388888888888	0.005743725527619037380467078757210397370436557219578
-1.6059027777777777	0.005758865055437512537157561882829202229602464032396
-1.6041666666666667	0.0057127467578921906962023727486493374703230110592755
-1.6024305555555556	0.0057222531881337942938956401134659579181598880101539
-1.6006944444444444	0.0057430534922065211989559781029506281607754932982892
-1.5989583333333333	0.0057182521929492264777165908488900075102004612191241
-1.5972222222222223	0.0057100542848712581978016967899375327861952650672325
-1.5954861111111112	0.0056979800405714784974618271713122125383870698858554
-1.59375	0.0056848987851158316475899159417288709492324258963804
-1.5920138888888888	0.0056768049335112536038774583338631522809269976902329
-1.5902777777777777	0.0056306390033217061091321973391849350152242210739267
-1.5885416666666667	0.0056193566956406831580397423261222509754126689175476
-1.5868055555555556	0.0056346460644183288024639081144954948272114129439906
-1.5850694444444444	0.0056024463043760580906392424005444445471877568802923
-1.5833333333333333	0.0055865508935634275286797118942080923273992735466656
-1.5815972222222223	0.0055506312755935701549431813318401987743146688935404
-1.5798611111111112	0.0055373324342822789360153629532094330875351979178657
-1.578125	0.0054860654250643939778865800447294665117614452063991
-1.5763888888888888	0.0054636118214021344090888149516970562460377214687246
-1.5746527777777777	0.0054658377785279804395203513250013511542506808670074
-1.5729166666666667	0.0054209366282699844081513929626886007118352001673629
-1.5711805555555556	0.0053915806582495903846162282665709368222802847268936
-1.5694444444444444	0.0053578184204953956567264478186628546923255236638366
-1.5677083333333333	0.0053457951798329733879429816463196302853823820953538
-1.5659722222222223	0.0053104309850727092686668758105778736427279350871495
-1.5642361111111112	0.0052845889379191031631252253910449586398550836255444
-1.5625	0.0052314394695022009755818904006882430916934882311515
-1.5607638888888888	0.0051975766478527120212785204980536342566489747978312
-1.5590277777777777	0.0051795407885893190010653982698851042513598176669571
-1.5572916666666667	0.0051359060935528458314900932575159793439831908892159
-1.5555555555555556	0.005118285843452744157853836212488346688522411266235
-1.5538194444444444	0.0050771383840811169056973577147137563435067232451797
-1.5520833333333333	0.0050309609201893546962276177555621093407372663676797
-1.5503472222222223	0.0049723716356000989208624062446848408326209152922011
-1.5486111111111112	0.0049406418632548434289498379092359488532537532862839
-1.546875	0.0048837226153200216246513816336096098046082080310301
-1.5451388888888888	0.004892716291885120876232503875667689255684298829612
-1.5434027777777777	0.0048496566447873653859365110249148053315914146490745
-1.5416666666666667	0.004814595826562097764224626408638103242534740934474
-1.5399305555555556	0.0047616802715633401518100192599262696181356881832625
-1.5381944444444444	0.0047103871822582064725975883901302840488496989665268
-1.5364583333333333	0.0046997581059532389888789260029982327866189577017249
-1.5347222222222223	0.004659205355985024705492931065653213591404509421759
-1.5329861111111112	0.0046139206160528529209862660711459131346450873585143
-1.53125	0.0045751990155293033316245135079631456776097493606422
-1.5295138888888888	0.0045294769979688865646273097120121311056567048375511
-1.5277777777777777	0.0044823356819931859838576109964122335391454196759975
-1.5260416666666667	0.0044274694222918784255970759326553642656336332257589
-1.5243055555555556	0.0043822707323612896388731944691789317426394252884283
-1.5225694444444444	0.004350357006661725673691337763299871557630693649006
-1.5208333333333333	0.0042902332725449248086838696794397127706615624883196
-1.5190972222222223	0.0042697693318748921474936145055151300834174149267332
-1.5173611111111112	0.0042109372731828743086533621299247286760784676842858
-1.515625	0.0041781988778770263177836790938083993075251862739521
-1.5138888888888888	0.0041393850979806644914621573603550462075737422635963
-1.5121527777777777	0.0041050744374520675969984362814147034132486443917813
-1.5104166666666667	0.0040529531408633069424436732436460698239922233655575
-1.5086805555555556	0.0040145082080439859214276890423591087822160064866966
-1.5069444444444444	0.0039553602568760588833030325305509569902703066213075
-1.5052083333333333	0.003909432518512700712540397361994840290738365110317
-1.5034722222222223	0.0038568935887662012409997124550793536622940589991414
-1.5017361111111112	0.0038009934636378461967366473116889006582201109077286
-1.5	0.0037676230724045850050336510744959412946138062391569
-1.4982638888888888	0.0037391935584182909765185898234813499163800108757434
-1.4965277777777777	0.0037064567997610613323476973770683336859676260444259
-1.4947916666666667	0.0036767458665440250831149829486115241642057311031539
-1.4930555555555556	0.0036223876641182191916632543589466831198047164939592
-1.4913194444444444	0.0035993827185362129079310572174322196711132907146908
-1.4895833333333333	0.0035534530173829880513966804342802073715664696963032
-1.4878472222222223	0.0035206397366274313173843486937907443663645861528934
-1.4861111111111112	0.003479664127805759391673524752766497580328670495381
-1.484375	0.0034426965782022622962776877265148289710231454570369
-1.4826388888888888	0.0034130109499159704763350203430269670771173867917576
-1.4809027777777777	0.0033878207992946307577023869944160111043191933069287
-1.4791666666666667	0.0033470745880221481735989164620393453840755370763518
-1.4774305555555556	0.0033103010248497146519393341963649854363013350689045
-1.4756944444444444	0.0032710832181534082065800027775837632849811805962252
-1.4739583333333333	0.0032326029555525461842694637083870659514548199495098
-1.4722222222222223	0.0032116736711331817543661320832239828673250015515147
-1.4704861111111112	0.0031594927714479173197240209119744848876724679219381
-1.46875	0.0031174461778979773907256364238147739072198459307885
-1.4670138888888888	0.0030974317459747690105248304656757419019948360217137
-1.4652777777777777	0.0030675225022904858936871923127729864466237541079864
-1.4635416666666667	0.0030195967166586426049898099821495322385251275621515
-1.4618055555555556	0.0030004970892510003852818061172595749390470422458096
-1.4600694444444444	0.0029441146365864945029887281428842882915636247570918
-1.4583333333333333	0.0029168960378348773449311273581469386700084392542427
-1.4565972222222223	0.0028938581618495980616962070286178951770385960476227
-1.4548611111111112	0.0028547438761298637632587886391139829783541124547641
-1.453125	0.0028361777117581608951723173243830462839474751494804
-1.4513888888888888	0.0027952922312530999693909890010214190843950416145214
-1.4496527777777777	0.0027613411861027503317609771392555549905428454939457
-1.4479166666666667	0.0027390290731102629787076370257174450048893106888634
-1.4461805555555556	0.0027172805317166661456800370102229767971575791931828
-1.4444444444444444	0.0026887346108058003192792268185070161228219947119343
-1.4427083333333333	0.002652167472056891539119403993680578248691796160178
-1.4409722222222223	0.0026239250537912468823551922856194259006504393065678
-1.4392361111111112	0.002604911704292244920925750460357780742878977646553
-1.4375	0.0025714817315619981707284384166995860306009650770133
-1.4357638888888888	0.0025417657864922275929144078433315552784735363656736
-1.4340277777777777	0.002516634135396581950071663208175050711791601882788
-1.4322916666666667	0.0024870281420719382168469603460947238847399332014222
-1.4305555555555556	0.0024603169886138219220664864820216907332143095555457
-1.4288194444444444	0.0024425067248399842076700656816391871934195574385312
-1.4270833333333333	0.0024150471330345801047106236089895050709815722371569
-1.4253472222222223	0.0023926705032884310844864472286610069305507731294825
-1.4236111111111112	0.0023693348326263107214741910189426098975403993394866
-1.421875	0.0023404004254400585875516321404699802848376352361213
-1.4201388888888888	0.0023066861135217532325546671994519867493394088540914
-1.4184027777777777	0.0022802636056892422519030210786483407609210864466567
-1.4166666666666667	0.0022554065167130992690964797978377979970486199836563
-1.4149305555555556	0.0022305748808187638349601624778584960867743083328272
-1.4131944444444444	0.0022090506792753983297980459470616285092645480078299
-1.4114583333333333	0.0021856696645299394781766347775651380876145307402169
-1.4097222222222223	0.0021751910919936808653756095990777878372928003872042
-1.4079861111111112	0.0021458895490303479706961134664653904269612012021222
-1.40625	0.0021282981797016205111280106813434603942687966371846
-1.4045138888888888	0.0021015397639962402878275306063067713403534846867713
-1.4027777777777777	0.0020789609696553965096748308643789547997797187907037
-1.4010416666666667	0.0020647930510666328062724518579968503327703866652665
-1.3993055555555556	0.0020423042300173565336674806636609677828821404669089
-1.3975694444444444	0.0020258705729189617061975301414260205139766843097394
-1.3958333333333333	0.0019982141692616568232438985061734839112022518137453
-1.3940972222222223	0.0019808902134371968886997015256809970738935279901319
-1.3923611111111112	0.0019653714673705535825816377391173425120693775488732
-1.390625	0.001947941597408928985356706754235077566058830831235
-1.3888888888888888	0.0019305368658125676306541939758813035830356823955741
-1.3871527777777777	0.0019171602578149911404756521106751621124075859033916
-1.3854166666666667	0.0019011542299001833467711880148827301644368293093159
-1.3836805555555556	0.0018826373559656674333566174368995002018904440592165
-1.3819444444444444	0.0018695655944825328394353998105573211466210976830093
-1.3802083333333333	0.0018546039391747558074191457165559488702527863306084
-1.3784722222222223	0.0018353289240724056081699891899946478963022961514242
-1.3767361111111112	0.001820394883530662765851463586200684543738441006267
-1.375	0.0018068307804096680374040599471351814950230570841495
-1.3732638888888888	0.0017911928929825631096762423562336423604028133783998
-1.3715277777777777	0.0017770652241457642544201648028071473148861064242012
-1.3697916666666667	0.0017650567651427714459596894726762507695508182668988
-1.3680555555555556	0.0017477219168484137937827244513128700782079902272728
-1.3663194444444444	0.0017382279394049517756558664805272563868143962633187
-1.3645833333333333	0.0017226163991150972127881170733854445012800315435185
-1.3628472222222223	0.0017125926059398626203382441425963816805612735980338
-1.3611111111111112	0.0016956337046120725859725074657082771380408039037149
-1.359375	0.0016898866462901485543911404783682946221616260670154
-1.3576388888888888	0.0016729170409186404552537764157150761306478842378391
-1.3559027777777777	0.0016626836037147675489735503450198590590312984489015
-1.3541666666666667	0.0016550867970859878713883486083701243553329021973644
-1.3524305555555556	0.0016473592660769965181201144763252116643813643427322
-1.3506944444444444	0.001636638779898947213740926319728694440274105603696
-1.3489583333333333	0.0016312230137524909152468001270553134265943246340664
-1.3472222222222223	0.0016232488071381502153544279463190471556740881891415
-1.3454861111111112	0.0016121239686619861224287716834922771151516403419879
-1.34375	0.0016088563629548207330881995347352519499026201703973
-1.3420138888888888	0.001597428712182994094697141222418946021182818821052
-1.3402777777777777	0.0015829358444809677409285645363860293316589625087424
-1.3385416666666667	0.0015761843018896453085902862714990013625911059369692
-1.3368055555555556	0.0015744008424986441703073981733372549391428518231548
-1.3350694444444444	0.0015585348163741399639034038119372075795802094687577
-1.3333333333333333	0.0015499513522016151003871205374101247280657461857429
-1.3315972222222223	0.0015463722639978193792451550624041147278058400650891
-1.3298611111111112	0.0015316433188605401814312524298098275488054223199622
-1.328125	0.0015279821045188230018870877422748112749066783791753
-1.3263888888888888	0.0015164228311704100084404053141152302090894411218283
-1.3246527777777777	0.0015043727890383728164788901646179102449295450400043
-1.3229166666666667	0.0014883015666331769967497105065232553203339568475106
-1.3211805555555556	0.0014788309750296197200730142882798955776195241167883
-1.3194444444444444	0.0014713770965641437163202309073405111890318009658096
-1.3177083333333333	0.0014678560857501789357765309260535438967261016968556
-1.3159722222222223	0.0014635665411804605744163501181921620220387954497726
-1.3142361111111112	0.0014586230028180189483885728669633563583091343056899
-1.3125	0.0014508020871620887237904158847829973939628352393418
-1.3107638888888888	0.0014470366685917962017722597493131501424113088748195
-1.3090277777777777	0.0014326893104384800153155488875222107990999455001034
-1.3072916666666667	0.0014229084410850177310433316379694667368333248718252
-1.3055555555555556	0.0014133209990760255878187340421682830795914581717364
-1.3038194444444444	0.0014115802341321805033636074635690962883276962959848
-1.3020833333333333	0.0013984835142290771630682626817695119607839250786592
-1.3003472222222223	0.0013950387158876195361964008939067148919974158237181
-1.2986111111111112	0.0013849551006773765036161737258386902891929205941933
-1.296875	0.0013798611141594579507287511464749792918379951237352
-1.2951388888888888	0.0013692770796331699703494636075112448779561353611021
-1.2934027777777777	0.0013576061728543095347085862632223203332907282892314
-1.2916666666666667	0.0013525462221437869515040549903931331993570245869996
-1.2899305555555556	0.0013409178537911057761430489729539081248585483746438
-1.2881944444444444	0.0013316276597607017203215971126437072424274977040202
-1.2864583333333333	0.0013257268545964471799019374444451850865435406283135
-1.2847222222222223	0.00132062944446241468817940592774646114380358096091
-1.2829861111111112	0.0013055490000488548282529181808892153989681463170603
-1.28125	0.0012956067636859294674398856148653975669435001283895
-1.2795138888888888	0.001288038290675707244472930551367096992472390574997
-1.2777777777777777	0.0012803738797847321886881432737216965784237956652057
-1.2760416666666667	0.0012659475425334315540454390764500795977056771996099
-1.2743055555555556	0.0012639753098477426463683232234874336247737374249939
-1.2725694444444444	0.0012533519668766977854303644116577053921093075608315
-1.2708333333333333	0.0012401753347100481909875111732621115772516530649856
-1.2690972222222223	0.0012331387319491544115204058323090197153666017290289
-1.2673611111111112	0.0012201507900303263260650572953891659295985780084169
-1.265625	0.0012140529472514042640069329139879595977863583395796
-1.2638888888888888	0.0012044901448499434858431932600057831298003744426211
-1.2621527777777777	0.0011954289496453426172210527242117770001501916401124
-1.2604166666666667	0.001184853623821746085980536382972807937395944348808
-1.2586805555555556	0.0011767375498277763379735954730151659074871602214587
-1.2569444444444444	0.0011660539825302844161693108651583597158150350450856
-1.2552083333333333	0.0011580030172568229058038722938682626957521614797415
-1.2534722222222223	0.0011452256660579981644137582123588276451607276573677
-1.2517361111111112	0.0011330038985333050855279791159076713789510600122689
-1.25	0.0011220188538302192859672195775176484699199998889619
-1.2482638888888888	0.0011110112303863519330253210438539101702850973625689
-1.2465277777777777	0.001106497214491443358651953925831414179921794903213
-1.2447916666666667	0.0010913071425085790939341925036273290746296042637444
-1.2430555555555556	0.0010876721976969769637858605908182646846449750132264
-1.2413194444444444	0.0010749104951802163631093086227922732067989440100913
-1.2395833333333333	0.0010587233675690912453275268057463850890811543457726
-1.2378472222222223	0.0010479516154574303345549228516113839986057939827628
-1.2361111111111112	0.0010345867751191564188806377024468633532271931798817
-1.234375	0.0010196166026900007310209318823782298835768565935664
-1.2326388888888888	0.0010037823127818721271248815326716480734222236764543
-1.2309027777777777	0.00099257503613552712491740264969482090656209929975382
-1.2291666666666667	0.0009802953193147976619536653491016903183930927059186
-1.2274305555555556	0.00096292551473524434922435664752263098028205509288569
-1.2256944444444444	0.00094766019297949001158905115605186530882256972342703
-1.2239583333333333	0.00093265337476559325247597064662682887640271732486894
-1.2222222222222223	0.00091488529111273383674407213892758155876301946278264
-1.2204861111111112	0.00090186834603239271575951153944751698034900368748774
-1.21875	0.00088619385801884666771531056962767765798476606908034
-1.2170138888888888	0.00086794285962117269052051948209685665872448932569321
-1.2152777777777777	0.00085468684001616219144801946709074822377115790413139
-1.2135416666666667	0.00084223074935058919766938414844859248950628249593546
-1.2118055555555556	0.00082733579886318418615593950942513439670767133721253
-1.2100694444444444	0.00081007493888780442393897945593819021558040635306477
-1.2083333333333333	0.00079266797326710787351250843197421096487780527274781
-1.2065972222222223	0.00078038664179872610609554272731815571051807232420064
-1.2048611111111112	0.00076394812419715606059020986371900868728588579228118
-1.203125	0.00075055956495287750696982122547081725687380135341334
-1.2013888888888888	0.00073275817882874494708782769491292748085667466903366
-1.1996527777777777	0.00071987435251548370235445148647920212829713915408473
-1.1979166666666667	0.0007079205339627238238152568805862174811878561339963
-1.1961805555555556	0.00068928701859465424069013312731376200699018780396764
-1.1944444444444444	0.00067396007963018138996737181909060688449287998596733
-1.1927083333333333	0.00065825952381840489812323673964654779707013700847882
-1.1909722222222223	0.00064482864368363467086430054184852605388745735066259
-1.1892361111111112	0.00062623971511816719833838285535252703736339698224736
-1.1875	0.00060815341866291084357433297753626181012874425448408
-1.1857638888888888	0.00059443783044402166401022438453864250440748609593714
-1.1840277777777777	0.00057629716268719597601040774002945807716996418647955
-1.1822916666666667	0.00056437544506010783440070215638344780541375936415911
-1.1805555555555556	0.00054962434652416114794002831635476532748680413986037
-1.1788194444444444	0.00053685420147188297241221883597799651846751256110108
-1.1770833333333333	0.00052084705704202918090171422219584149852327741695868
-1.1753472222222223	0.00050426207336035315824641684706853229051841857756694
-1.1736111111111112	0.00048963454098978859675675721316012698424496239213417
-1.171875	0.00047565625330870495546156188260690254778600025391957
-1.1701388888888888	0.00046036714506738199776036753160444479013561766807653
-1.1684027777777777	0.00044558107373763821875127323074160430019659193056161
-1.1666666666666667	0.00043426279227202287071317716854879355190363733326425
-1.1649305555555556	0.00041871073922470190298240006793827036846234806663307
-1.1631944444444444	0.00040367555911950021924019301302331708607628185963705
-1.1614583333333333	0.0003913218579217134751028302675948144192771493572866
-1.1597222222222223	0.00037835984428650021917158371659411149942947395110715
-1.1579861111111112	0.00036724788114407033570075311835202783215754747188013
-1.15625	0.00035550774097542019819531822103800022050507420885224
-1.1545138888888888	0.00034184457852787404125804864770165718510956344231523
-1.1527777777777777	0.0003280165467494671541365103603050656992995546280933
-1.1510416666666667	0.0003158153266938523968889342905674415967027013597504
-1.1493055555555556	0.00030375551184856203491015962377365899782570350771477
-1.1475694444444444	0.00029202177552468133564307284643679500087316624423411
-1.1458333333333333	0.00027975784161794260150515967626333159615500928986048
-1.1440972222222223	0.00026907527943666812811059931859667891123171588397577
-1.1423611111111112	0.00025976871505581032204250211301549192620542101699717
-1.140625	0.00024775323246497984382962735847738972578409346095356
-1.1388888888888888	0.00023778214079712187823941848762550562068161194753781
-1.1371527777777777	0.00022768272424714524124924049332835902745899894312653
-1.1354166666666667	0.00021867098536282941348103340161060070819298973677765
-1.1336805555555556	0.00020900755337606306835570847540251433768795125978801
-1.1319444444444444	0.0001992115592726044233195757703731404414054551087674
-1.1302083333333333	0.00019126992747494118120547778224437224465861417540925
-1.1284722222222223	0.00018289973832688352374396623834412597128344367377498
-1.1267361111111112	0.00017408678998919675279964846715780021961603804747738
-1.125	0.00016610993777134387327565039043435815257536048681669
-1.1232638888888888	0.00015832589498145868376213781097396589120773329030626
-1.1215277777777777	0.00015079918860515338437587036997535476845245469408998
-1.1197916666666667	0.00014343652359148794259383952520634228567890753996442
-1.1180555555555556	0.00013712298480763630054265528717856870253743989014029
-1.1163194444444444	0.00013014162913055346539888763044474388678294902356459
-1.1145833333333333	0.00012311848559338246565540561363876817828451576264803
-1.1128472222222223	0.00011669270865829861216404182476252102308742330439902
-1.1111111111111112	0.00011091227762574406326941099972819330944599876231489
-1.109375	0.00010494354455547541773318450853149653920247716152567
-1.1076388888888888	0.000099145032192969029567561412386536791280559575397087
-1.1059027777777777	0.000093433668961474074525150287838138625950222404011567
-1.1041666666666667	0.000087923545096695954016949635131577940476014915667393
-1.1024305555555556	0.000082861440255786366536119865662962990420019024664939
-1.1006944444444444	0.00007806495475920190108113378915384887596128278643782
-1.0989583333333333	0.000073189099876894474209492230330743587377355983094194
-1.0972222222222223	0.000069526227783990562284864036130471355093716972408215
-1.0954861111111112	0.000065469558728092952272286044423596067290181756367815
-1.09375	0.000061425219691297672373148759144374846799237601037443
-1.0920138888888888	0.000057513302641949465709377454071900185233243834460134
-1.0902777777777777	0.000054147449795809406523602654673916473896031255646234
-1.0885416666666667	0.000050682685347330423349844339486358514708781918572932
-1.0868055555555556	0.000047627781108940495985140634776145047746794589973919
-1.0850694444444444	0.000044402838533392097166508066889077910878336358226277
-1.0833333333333333	0.00004150148565949020717339965518149758427784101492486
-1.0815972222222223	0.000038898251989162844041763951000485444366156192561653
-1.0798611111111112	0.000036209783111446146187988712523494498512638706509745
-1.078125	0.000033792431529298844593268495115648659438043149729192
-1.0763888888888888	0.000031420646809892601045382496671663997503840310808201
-1.0746527777777777	0.00002911619561172816835934648414276325906633114540224
-1.0729166666666667	0.000027140866710721421828948503497645319580314937614452
-1.0711805555555556	0.000025136753862491999117845177168262982709925792174973
-1.0694444444444444	0.00002322059538714613114778747621378697102262570965514
-1.0677083333333333	0.000021486866457509633690340265278447101283468286550006
-1.0659722222222223	0.000019992242774601531535294980560932402039895093249557
-1.0642361111111112	0.00001838928250612780195443156990901364714488648511893
-1.0625	0.000016995376530955032149226405586750786843163156695123
-1.0607638888888888	0.000015627742326147614715550825871051089062854521026762
-1.0590277777777777	0.000014402038303260715788064555964039105041869722473052
-1.0572916666666667	0.000013242996275256397801807411991765446277754154351428
-1.0555555555555556	0.000012211522416895673555260924244778881485934052535403
-1.0538194444444444	0.000011209739212624680414076326549296877136368261842504
-1.0520833333333333	0.000010291980687903163797521436201629587263199845705934
-1.0503472222222223	0.0000094510570343070833262042859281160108701725907963055
-1.0486111111111112	0.0000087038509073758406390336848190387623148289082289977
-1.046875	0.0000079382166999427249369385923365041997702739010687658
-1.0451388888888888	0.0000072850651061551563218875711437495388548307054645814
-1.0434027777777777	0.0000066663918935066065541810218394533616131015154255286
-1.0416666666666667	0.0000060881803483414252384811518853105327376853376201936
-1.0399305555555556	0.0000055771783892203234634930428596325858519457104361731
-1.0381944444444444	0.0000050705599636379091398829851894138783811194859142229
-1.0364583333333333	0.0000046195686547523472428361962930407505898892146840882
-1.0347222222222223	0.0000041929987600923080243000090140500957718392599189825
-1.0329861111111112	0.0000037930909488632114930652118596311014900573156645524
-1.03125	0.0000034338975287776003333853828261009036176786304625901
-1.0295138888888888	0.0000031206100126710565740955290935748310950169334371213
-1.0277777777777777	0.0000028246590358884937514731520390579446144191770516183
-1.0260416666666667	0.0000025663417548204197415137329811043921697251358641505
-1.0243055555555556	0.0000023187677908528189338859438055345476932532565342312
-1.0225694444444444	0.0000021052400467145849186318078851271190264884559259672
-1.0208333333333333	0.0000018963800098372070932092002219256590391107306428193
-1.0190972222222223	0.0000017074512017036507489757544931163415266494349561724
-1.0173611111111112	0.0000015284964165361937202782234963485260983948794284062
-1.015625	0.0000013750697319549138910112154000094613781446999513629
-1.0138888888888888	0.0000012442676154651452213268274813985554129874831154189
-1.0121527777777777	0.0000011088857732632096113265822376608430640475635021638
-1.0104166666666667	0.00000099642105694156413199025805559568765417464327521514
-1.0086805555555556	0.00000089265722346205937033178238242300627039681750928681
-1.0069444444444444	0.00000078924986600063994564156482677721695320865308581821
-1.0052083333333333	0.00000070421272070203936301547493017893547525206728821083
-1.0034722222222223	0.00000062672317919968782425692811260129146148099534751842
-1.0017361111111112	0.00000055582870898009296372493963115852745234276122744663
-1.0	0.00000049301804084993111182196147715763935410778799722241
-0.9982638888888888	0.00000044027554121199989583918458698004373494699050498893
-0.9965277777777778	0.00000038929142390991960940056750714728430192172552250966
-0.9947916666666666	0.00000034497389118561884745342513503386925077191745093932
-0.9930555555555556	0.00000030417777245122869269346799966549742140392917244992
-0.9913194444444444	0.00000026907668002748094894795694036268983356780109218991
-0.9895833333333334	0.00000023796404414089403580206800564932560598363278848552
-0.9878472222222222	0.00000020959462293112904245307411070767027979275950792467
-0.9861111111111112	0.00000018371367787698547380794538971289442339679388410756
-0.984375	0.00000016103008496274885241439591505900501375501201775392
-0.9826388888888888	0.00000014117474640865986508044528387167781277476389011205
-0.9809027777777778	0.00000012335374311176499640952081868568849017715395750689
-0.9791666666666666	0.00000010782307592353695333985768437259162072530898947804
-0.9774305555555556	0.000000093961173952017363346134056257934267620073727243813
-0.9756944444444444	0.000000082144061328180875409742005496956634499635156999277
-0.9739583333333334	0.000000071852394126920285077914516123223063479671277121114
-0.9722222222222222	0.000000062280592891951236827793977269847707037201896004926
-0.9704861111111112	0.000000054356659229180215747668538188049538844604906383859
-0.96875	0.000000047166568325982170915379525183327133425516741122119
-0.9670138888888888	0.000000040731197460083554669687234882549518468032301780573
-0.9652777777777778	0.000000035197549957371288274969121407312277264129093800294
-0.9635416666666666	0.000000030324698556675703241981466975912414512456138979233
-0.9618055555555556	0.000000026218069770811674762094875573794912155665908792499
-0.9600694444444444	0.000000022556913688523129721792341326339479828449238661905
-0.9583333333333334	0.000000019462916094508198666982779832804289434286278658684
-0.9565972222222222	0.000000016735205279672965033697043406756060749361342498068
-0.9548611111111112	0.000000014387617269209771801366941308517223061387822703315
-0.953125	0.00000001233701416535033447541526952535501428260864903766
-0.9513888888888888	0.000000010569452020011517936875693459742208390956450584911
-0.9496527777777778	0.0000000090353521850631465532476174951551576275492794385219
-0.9479166666666666	0.0000000077172997802537309138821959828305973571906226096414
-0.9461805555555556	0.0000000065947678375155386104069003773303032707101186994207
-0.9444444444444444	0.000000005579174302907764689631794144088359443985418214996
-0.9427083333333334	0.0000000047524314632158915791654170013550655331194718070297
-0.9409722222222222	0.0000000040304519288851316356970995077999500680679268642638
-0.9392361111111112	0.0000000034163755393714929541941637072228371066621886621017
-0.9375	0.0000000029070528278884444227393280274336575686892192913474
-0.9357638888888888	0.0000000024407509361811973275055632869782549049432498478746
-0.9340277777777778	0.0000000020555849944179902853851101812731392611153921065655
-0.9322916666666666	0.0000000017375552303426299897461016625378340227536043640723
-0.9305555555555556	0.0000000014679904105871026259094838160625711548328852329184
-0.9288194444444444	0.0000000012239561296765511123836223441885228828333871256337
-0.9270833333333334	0.0000000010301693600828895203174872955510062840212542723144
-0.9253472222222222	0.00000000086338461108627386542221035036957546245683709026061
-0.9236111111111112	0.0000000007236300209016640776756935079377983247757651995526
-0.921875	0.00000000060339248837252595009728090304599253842699760907231
-0.9201388888888888	0.00000000050207136991037972596895543501632912656348526545774
-0.9184027777777778	0.00000000041822412165952277441378766531708570010880915024327
-0.9166666666666666	0.00000000034825284461688400978884123382350183147639601560847
-0.9149305555555556	0.00000000028898296536575027878565161867545828233037366909171
-0.9131944444444444	0.00000000023986622172400441371906264226636736699718574004314
-0.9114583333333334	0.00000000019820758432151625619813413896215384048579771818166
-0.9097222222222222	0.00000000016335921518452297686790730668733321871781380236969
-0.9079861111111112	0.00000000013468137038388936702551710603689608756809500133853
-0.90625	0.00000000011154287919289528491682337410215275355209246718252
-0.9045138888888888	0.000000000091286245248178271603851799527595085136563474819919
-0.9027777777777778	0.000000000075088602974871458804324609692016636166830890434528
-0.9010416666666666	0.000000000061564757070165847408851479953869179024501553797412
-0.8993055555555556	0.000000000050157507143681132459562396407072519948155085331873
-0.8975694444444444	0.000000000041108011631034452057731077050637688815349922230385
-0.8958333333333334	0.00000000003345066532252891289856037131907176574810788501638
-0.8940972222222222	0.000000000027177357575165453838616246496719795204450850796758
-0.8923611111111112	0.000000000022153581922044231815405705636810979631525810115319
-0.890625	0.00000000001798898409386317772537184396129774913572874762745
-0.8888888888888888	0.000000000014588199918690439929000690553721663565447621673733
-0.8871527777777778	0.000000000011723447496684779963834206898644413899277604333699
-0.8854166666666666	0.0000000000094858720859604684476886789996382925980957953136394
-0.8836805555555556	0.0000000000076276457025606077116538252195383218855936099119439
-0.8819444444444444	0.000000000006123790444901849907422235825015407951800619777685
-0.8802083333333334	0.0000000000049021071439216655634350214951464642387061132047773
-0.8784722222222222	0.0000000000039398917952325609779634140147038644332996745333525
-0.8767361111111112	0.000000000003147854624490578793231304522203613975478380203079
-0.875	0.0000000000025089072166879184960686516565306370348360048183321
-0.8732638888888888	0.0000000000019919791649022897261251353610293692050002663630622
-0.8715277777777778	0.0000000000015841548220849505177291584569548685858511055699955
-0.8697916666666666	0.0000000000012450454338024087748155820336638586662186808641494
-0.8680555555555556	0.00000000000098978777697197475130041545363714423166018226409715
-0.8663194444444444	0.00000000000078263906278602492270004998360976772142894630509684
-0.8645833333333334	0.00000000000061380305098006470803207946552288128365391137321245
-0.8628472222222222	0.00000000000048448092671165186203496205505157369344559710954336
-0.8611111111111112	0.00000000000038178682984049020509465244883469361650751365940582
-0.859375	0.00000000000029828817492029328395436889258588802703212479830653
-0.8576388888888888	0.00000000000023384147696193086856088069775565200432707959249287
-0.8559027777777778	0.00000000000018305474579193743687833379865102333206263015162874
-0.8541666666666666	0.00000000000014276453963973285191185439473536678733379360385151
-0.8524305555555556	0.00000000000011109259485994197615262778147004871394752747149389
-0.8506944444444444	0.000000000000086128102142246550239952976835875500059317843320778
-0.8489583333333334	0.000000000000066656496629507944508230406787010994631315353778246
-0.8472222222222222	0.000000000000051740838651777908304592846005509599164227478132725
-0.8454861111111112	0.000000000000040063060129135136737317140173143565066615750041237
-0.84375	0.00000000000003085093198822473121647316294587607888156024162166
-0.8420138888888888	0.000000000000023661649336535687634949180050385865593236963920203
-0.8402777777777778	0.00000000000001812923280407119577965888601870470386945163636034
-0.8385416666666666	0.000000000000013946143601290135025629129375269967647395399060078
-0.8368055555555556	0.00000000000001067200203810296830255779561528957070075858077603
-0.8350694444444444	0.0000000000000081180877798923299450992696141528094485462917194797
-0.8333333333333334	0.0000000000000061881575224771569710179927714534041308833862920117
-0.8315972222222222	0.0000000000000047235100834768493340047629535590557065819105307606
-0.8298611111111112	0.0000000000000035631232113913896712896871515762455133652756925149
-0.828125	0.000000000000002694060580970900785561423266781602683808526295952
-0.8263888888888888	0.0000000000000020448154705596668409841261295445072452999528045749
-0.8246527777777778	0.0000000000000015383754955395368202651852724513201550208000885446
-0.8229166666666666	0.0000000000000011570907973160058776714933489885161424066774456477
-0.8211805555555556	8.6961974956495479736870062468418487250915518198441e-16
-0.8194444444444444	6.5269910963107132345152860473979501707919798477686e-16
-0.8177083333333334	4.8685097158996139071489525835089387833269327324246e-16
-0.8159722222222222	3.6314702670564888331153538268183486615279776153676e-16
-0.8142361111111112	2.7190787527566210406604389067480392260859523841466e-16
-0.8125	2.0105353291529237659119792270055684560233374315361e-16
-0.8107638888888888	1.488425195268932537120719638304767186572010196851e-16
-0.8090277777777778	1.0981419887372284563332847878829321033324450060438e-16
-0.8072916666666666	8.0857625672111908311310486042070600907808870959665e-17
-0.8055555555555556	5.9461022120254058522653735691174188249935210472755e-17
-0.8038194444444444	4.3913988491532428375719502849501480520978189259309e-17
-0.8020833333333334	3.2144011772748715291957794039906517142549791819406e-17
-0.8003472222222222	2.3497089200192303089593824284435745801932112328157e-17
-0.7986111111111112	1.719807549207313774089347728564542187226050876225e-17
-0.796875	1.25443512325943733321771486156270276712252241564e-17
-0.7951388888888888	9.0879614054381251901612389870769464637299527214228e-18
-0.7934027777777778	6.5967555693841783996290799274669913755526142595791e-18
-0.7916666666666666	4.7834176406351614679328787139956330061733772778984e-18
-0.7899305555555556	3.4448568645435499364027213780324691776093103326153e-18
-0.7881944444444444	2.4765257648872736878504472013311124957995044563476e-18
-0.7864583333333334	1.7821807965035458043733117437492419174981207455655e-18
-0.7847222222222222	1.2837398333478386025189040725647502880540389793349e-18
-0.7829861111111112	9.1331276424377852560118428203441314416496918989881e-19
-0.78125	6.5407776909761269465986718669631761754066782236418e-19
-0.7795138888888888	4.6216446864673079803201319803931281665036297077303e-19
-0.7777777777777778	3.2811955077689285964856688642736331510761666307474e-19
-0.7760416666666666	2.3296972101612324412978572950159233744899193799385e-19
-0.7743055555555556	1.6425302955724305432201963747268947348069970829803e-19
-0.7725694444444444	1.153123690002851328223614140527454720677719944534e-19
-0.7708333333333334	8.1365327358930559021347462490804837673646078744301e-20
-0.7690972222222222	5.7250381553282026216079182734769733910385709894037e-20
-0.7673611111111112	3.9880452898187565196336758702914103450304617074728e-20
-0.765625	2.7817015149211066605706570396554349356204624360668e-20
-0.7638888888888888	1.9376717071171385674299413872669007433359361114476e-20
-0.7621527777777778	1.3468431541678930397447821583124486736164634270717e-20
-0.7604166666666666	9.3430025925939302268992424228618423823100389428002e-21
-0.7586805555555556	6.414202688265105041651237140431233064786899966407e-21
-0.7569444444444444	4.4472910393488189550836112310148761882051823394406e-21
-0.7552083333333334	3.0382446787977688552725686593489283567191947228054e-21
-0.7534722222222222	2.0849096150702519739103140462829850754628153544595e-21
-0.7517361111111112	1.4318086620427190428882057202021963346959891993812e-21
-0.75	9.7270225492980904465865420714749600226426483255813e-22
-0.7482638888888888	6.6222463309188841931401455352881797485274207635556e-22
-0.7465277777777778	4.5005912990013354109263441431719325894757043910759e-22
-0.7447916666666666	3.0535250235814930629302150899125321243967158557271e-22
-0.7430555555555556	2.0665859189667474909746203807233988447177514392719e-22
-0.7413194444444444	1.3983044239647595058802835399920674625276876735695e-22
-0.7395833333333334	9.3154041429621799406292924139886147937626897449205e-23
-0.7378472222222222	6.2595467219613107108503514680408605130644329471363e-23
-0.7361111111111112	4.1935844804089389572496393525964435064370121202237e-23
-0.734375	2.8049005337952207628764610047765987715761209304542e-23
-0.7326388888888888	1.8607642114371206074158178208055754145049401026246e-23
-0.7309027777777778	1.2287509147704576174060851502118611564019691527813e-23
-0.7291666666666666	8.1436958622843695255395522652005224807837238353103e-24
-0.7274305555555556	5.3534434217719433876127009457508831861864648166185e-24
-0.7256944444444444	3.5202630325234257331709361485631130519531168044653e-24
-0.7239583333333334	2.3066627584103400335552083203039852504703245772537e-24
-0.7222222222222222	1.5020052972834730883928623811277872557998957940912e-24
-0.7204861111111112	9.8567704364978418821227289486397834615796301605873e-25
-0.71875	6.421258606516479938777824236610594515869622365091e-25
-0.7170138888888888	4.1587363139685107624185159792260333577131630947751e-25
-0.7152777777777778	2.6821306783815583192034921412106417248028885545383e-25
-0.7135416666666666	1.7260539249417289782708325655095146548251711741705e-25
-0.7118055555555556	1.1132447540385105438408674829187112885648148774399e-25
-0.7100694444444444	7.1412909314794336558636490486835668579815422407573e-26
-0.7083333333333334	4.5479545044883945202067809338763241927839719202604e-26
-0.7065972222222222	2.9042766898143132271756691135414165643471189714262e-26
-0.7048611111111112	1.847508747367670249008781709325816022701585879865e-26
-0.703125	1.1668816521275808137307275915510098762061362138841e-26
-0.7013888888888888	7.3869601731750225881356636953592842862149281741779e-27
-0.6996527777777778	4.6427902096195839516156617274141992512620350916306e-27
-0.6979166666666666	2.9340649224112780432784308321311269298866467375182e-27
-0.6961805555555556	1.8332507909120646241784806652127794624023102075037e-27
-0.6944444444444444	1.1411049314279117401232610509513627524681938209871e-27
-0.6927083333333334	7.0976552657667575367209915088988012082386689021578e-28
-0.6909722222222222	4.4234795664554112165393126392489652213226813882208e-28
-0.6892361111111112	2.743290000140081415094784266086963098966391622227e-28
-0.6875	1.693958571788757785537723998144417578609694615963e-28
-0.6857638888888888	1.0390050531662496352349683718795246912098667579805e-28
-0.6840277777777778	6.410863754887444025131442227476260325353838141951e-29
-0.6822916666666666	3.8988664520656083567007802729644734040253089346621e-29
-0.6805555555555556	2.3828491669287309383494585879872151470460413238401e-29
-0.6788194444444444	1.4440284780921140125365540496187478258733111493102e-29
-0.6770833333333334	8.7938651805155304935363168367059307738919179179707e-30
-0.6753472222222222	5.3187296319918216504847018837830512520954124291745e-30
-0.6736111111111112	3.1959163129144248249671573825740354411045898067531e-30
-0.671875	1.9313163402014309273812019589783267195803222797929e-30
-0.6701388888888888	1.1503829419199597541944099244099619140315475312102e-30
-0.6684027777777778	6.886862829005305001673490185397580111771047032436e-31
-0.6666666666666666	4.0851747236836328060572472390248612286592844582686e-31
-0.6649305555555556	2.417902826334419209680279663274884158783675857274e-31
-0.6631944444444444	1.428885962602989709246556140331933106518359886087e-31
-0.6614583333333334	8.4031885947078349144752776843240267263104849750187e-32
-0.6597222222222222	4.9283718768548898913013170199855785585456798009981e-32
-0.6579861111111112	2.8921435458416999218615914158548928704242358297751e-32
-0.65625	1.6877387903630567819673817340048393944476740927679e-32
-0.6545138888888888	9.8304934696868915639077082325525392761886149986964e-33
-0.6527777777777778	5.6961726969895422832972297928388729792806989981791e-33
-0.6510416666666666	3.2779061816952771704965225005992019187333671331162e-33
-0.6493055555555556	1.8878380014671036232529515463495859077430263662964e-33
-0.6475694444444444	1.0878427711702916253849464625602367241947539514123e-33
-0.6458333333333334	6.2332622996408141716498373381752735651881796660403e-34
-0.6440972222222222	3.5419346530406055903159026679751750357105297176078e-34
-0.6423611111111112	2.0240115114749247218926406470277523981462606424766e-34
-0.640625	1.1444601888690913123064396342439952586633772716851e-34
-0.6388888888888888	6.4472589594242248356457701623670244462517425182583e-35
-0.6371527777777778	3.6404436359021106562262323930683327700484269061082e-35
-0.6354166666666666	2.0462479252323334832398764088756229624392771235117e-35
-0.6336805555555556	1.1392284702062941231417696598796311766372700327376e-35
-0.6319444444444444	6.3200828001978597325072633449442399309972690971387e-36
-0.6302083333333334	3.5179122021679254405140113278187671258397837601167e-36
-0.6284722222222222	1.9455744982726834598007921734628948941256599514926e-36
-0.6267361111111112	1.0735720775324889327552082110366051070393451141721e-36
-0.625	5.8937671286624927495732774730930328843021700072339e-37
-0.6232638888888888	3.2209001429640565912018051583534117769497780371733e-37
-0.6215277777777778	1.7534336506412425693698808993664728144958827781648e-37
-0.6197916666666666	9.5575626706321069871989287021818642133922381545057e-38
-0.6180555555555556	5.1625761857397583306063150315632164890170702187529e-38
-0.6163194444444444	2.8006260493360595233377260927225067510350209835983e-38
-0.6145833333333334	1.5024889252573620165152363683678909816331730475401e-38
-0.6128472222222222	8.0396720634548884095067557598004486146022010752223e-39
-0.6111111111111112	4.2829878402843024474571146858203297110613363603852e-39
-0.609375	2.2861977968660894112348764542221331494407122339005e-39
-0.6076388888888888	1.2086571330130856627071602128753167419788435790176e-39
-0.6059027777777778	6.4214943212953876992548499985075510583675306269296e-40
-0.6041666666666666	3.4011522117530935754052204864635656173819315335857e-40
-0.6024305555555556	1.7809592571044167843317338998565386050127624808799e-40
-0.6006944444444444	9.2822469165718673846032724744124765929855634815615e-41
-0.5989583333333334	4.8282090378899980652891915541264928807653102099016e-41
-0.5972222222222222	2.5107978049972467813014323953783094663979789911804e-41
-0.5954861111111112	1.2962363035792284314722109994095906526321674796079e-41
-0.59375	6.677669338382343158141296625960427624492099286578e-42
-0.5920138888888888	3.4290462926575402060526296171212093272465251445296e-42
-0.5902777777777778	1.7532561606017693215792993192694452260298597659967e-42
-0.5885416666666666	8.8908407934073557810541066684062958247247731257522e-43
-0.5868055555555556	4.5022516142049647823911881810743210055133462652733e-43
-0.5850694444444444	2.2783459644044130235366488360482452601873366432781e-43
-0.5833333333333334	1.1499973493977309250169581324275281744500072483518e-43
-0.5815972222222222	5.7855282511761955503782176142902905252449005479328e-44
-0.5798611111111112	2.8815598644419047340440912514172341535276590817547e-44
-0.578125	1.4370044742696278363438718398544345277330426722788e-44
-0.5763888888888888	7.1437013445971027712349017781970480855696875390706e-45
-0.5746527777777778	3.5342396419835856361925457957916487995170693615337e-45
-0.5729166666666666	1.7350090039354983005780477376664735281219482929663e-45
-0.5711805555555556	8.4751539224046838458315955826423862924175916470655e-46
-0.5694444444444444	4.1404078557906299231481555924208882932173418709119e-46
-0.5677083333333334	2.0172775132836284982715979580269584360653733136612e-46
-0.5659722222222222	9.7515170273736159528181203755134927015121083839387e-47
-0.5642361111111112	4.7034526872024006964252058137456626557500688416092e-47
-0.5625	2.2570011441089448471738283438946426828763640904558e-47
-0.5607638888888888	1.0839841803276288600443620694033533958938474371946e-47
-0.5590277777777778	5.1667945004601479606155205668688760089084376316926e-48
-0.5572916666666666	2.4531486488574480378596831442946263132646313984122e-48
-0.5555555555555556	1.1646294223175095552362084916379178709014256843098e-48
-0.5538194444444444	5.451296957984844048473076288195527829483018817199e-49
-0.5520833333333334	2.5642987225076648914860668031912362907432596964624e-49
-0.5503472222222222	1.2031287246855452966977618393781615932831307124752e-49
-0.5486111111111112	5.5827614755648183316277010698653334185892595166655e-50
-0.546875	2.5813373829729196794031715028232536714564597291429e-50
-0.5451388888888888	1.18673827332300381585395235444558420434559336255e-50
-0.5434027777777778	5.457140488245718069708245959103699197708782658552e-51
-0.5416666666666666	2.4941640784065012827889211981054433910074525032927e-51
-0.5399305555555556	1.1357237707025993612188620951964991691483999577079e-51
-0.5381944444444444	5.1609718809077594973123688209760423125318355727357e-52
-0.5364583333333334	2.3341656478360995630984505163103021353445702757185e-52
-0.5347222222222222	1.0519517895530769416211119888263969418313991871167e-52
-0.5329861111111112	4.7113813555059278798415873895999480585441524463551e-53
-0.53125	2.1119715041128908233720679958877903902906360160002e-53
-0.5295138888888888	9.3662369125602435246133310738233706195873382574142e-54
-0.5277777777777778	4.1281379054597857232101763434870953334782631623098e-54
-0.5260416666666666	1.8211853907949212783372124187587528956925329210881e-54
-0.5243055555555556	8.00969782255345896770394740339761959786293386247e-55
-0.5225694444444444	3.5167028390819001852937995441493064232776412320441e-55
-0.5208333333333334	1.5138536646579908014098602292089468061572065631017e-55
-0.5190972222222222	6.5686728284726979049528975839173652914925246791841e-56
-0.5173611111111112	2.8337094573534169575162806143521873697435185549688e-56
-0.515625	1.2183691900174111916842646567934625219337278761207e-56
-0.5138888888888888	5.2464802583559045800588577757341796170060816645802e-57
-0.5121527777777778	2.2216984267569136209554830942713100724438757417927e-57
-0.5104166666666666	9.409444638731651425735924743751512588154734753835e-58
-0.5086805555555556	3.9793812685270127056456653247278310038765252476316e-58
-0.5069444444444444	1.6742436024503110974067852600331591455771852291127e-58
-0.5052083333333334	6.9803216130106084886312547780250223133631321712646e-59
-0.5034722222222222	2.8882309760286482012084791466620647494334732616878e-59
-0.5017361111111112	1.2040944946868977320001232151358643039039199843349e-59
-0.5	4.9603165718845965908124070910033545671785302916852e-60
-0.4982638888888889	2.0349121425786757409793896273968406953466122902284e-60
-0.4965277777777778	8.3255138013954013620404841588294638397533278470745e-61
-0.4947916666666667	3.3951206803830687164041529645125552422895604797863e-61
-0.4930555555555556	1.3701672062084113459385170258980488737526222879622e-61
-0.4913194444444444	5.532006674841468167328617100748716562250283496093e-62
-0.4895833333333333	2.2242819439360249136725884738154311834321358171867e-62
-0.4878472222222222	8.9253376959023323884172793948857738641418312883161e-63
-0.4861111111111111	3.5372162773618176059791797674458713371626488320983e-63
-0.484375	1.4004939633985422344238545060437619599692363512121e-63
-0.4826388888888889	5.5222536961854616749779973473692397007685622689541e-64
-0.4809027777777778	2.1644290000346672265550146256042393653933727931052e-64
-0.4791666666666667	8.4910431327412483570565408816990032142012185465889e-65
-0.4774305555555556	3.2982702138756557089451520560222630902794427771511e-65
-0.4756944444444444	1.2771608811085660448395146676010852380437431657318e-65
-0.4739583333333333	4.9043349424694976671237062908722255134672183677489e-66
-0.4722222222222222	1.8858285113693886308535246866255859703013339287888e-66
-0.4704861111111111	7.2250655306063997126972424647526681054539370826673e-67
-0.46875	2.7261289825502847198374910951401732114246740408268e-67
-0.4670138888888889	1.0306212388941204455030204899793048603490071965442e-67
-0.4652777777777778	3.8688495252011564444120736886822935547793715542265e-68
-0.4635416666666667	1.4477685634495005480391841497703718067228704529939e-68
-0.4618055555555556	5.4186499302204684525028157133149590205437167783144e-69
-0.4600694444444444	2.0000337807886797865279394317156125825977436659794e-69
-0.4583333333333333	7.4239418486104950809459839112237222167511923195716e-70
-0.4565972222222222	2.6993134786194746300064128825757974045274202591588e-70
-0.4548611111111111	9.9089968351803613043453839881844216791339154549029e-71
-0.453125	3.6309284554934666181652551559766579628295761330465e-71
-0.4513888888888889	1.3036962117063261521422357145447494168570275742561e-71
-0.4496527777777778	4.7025512843839191944441194167762531869883768095823e-72
-0.4479166666666667	1.6871373401634133782059845770976098140027404614081e-72
-0.4461805555555556	5.9930115592916745186806730710752597437674902264425e-73
-0.4444444444444444	2.1077170497299698341989570621915592992809211407522e-73
-0.4427083333333333	7.463692185948579893242061373610595647631415099714e-74
-0.4409722222222222	2.6348449643656346138937313658536620451399268432005e-74
-0.4392361111111111	9.1483138080289794118453017608512805517394331252388e-75
-0.4375	3.1908034409169841950406868253576003936837013023476e-75
-0.4357638888888889	1.1038936056753659940151508056322161458994923765862e-75
-0.4340277777777778	3.8012760295530045611101251986264447963748951237099e-76
-0.4322916666666667	1.2966234876658471506315685994441427878439671389247e-76
-0.4305555555555556	4.4382849369725548621900560628540145430378836568344e-77
-0.4288194444444444	1.5029474956712962480212111487793700288111334535892e-77
-0.4270833333333333	5.0730420610548089614903197044537430252876076200832e-78
-0.4253472222222222	1.6985434748429278195851895626472026673635234347425e-78
-0.4236111111111111	5.6537537028729474231467680156105895872983196312349e-79
-0.421875	1.8710078537337145796513089450327575962049770912664e-79
-0.4201388888888889	6.1861135945616390996706979558819655356817123136826e-80
-0.4184027777777778	2.043476222002465452756217494784822324081789244817e-80
-0.4166666666666667	6.6474984659481831158609971132027806123271379495271e-81
-0.4149305555555556	2.1579908419962465615829800288249747738290555694168e-81
-0.4131944444444444	7.011413366122139393746983674762842480649444899604e-82
-0.4114583333333333	2.2315575348611941169946349691807242962432101264653e-82
-0.4097222222222222	7.1991802627882088101760744005225949038120072510055e-83
-0.4079861111111111	2.2960966803672039828245856773444539360363451987371e-83
-0.40625	7.1767854442763964723413416262780020677726051909144e-84
-0.4045138888888889	2.2338460114240825556060810892738114065888770983392e-84
-0.4027777777777778	7.0537154783089836261138777695429252368914679273486e-85
-0.4010416666666667	2.1569447694997279261614656452888688917327423662218e-85
-0.3993055555555556	6.6139675467046994343456385617909734180121742039865e-86
-0.3975694444444444	2.0173626394284309167755046126716457218632681433454e-86
-0.3958333333333333	6.1097014087489705511784184919862855698924083318575e-87
-0.3940972222222222	1.8301153186786955117554056485572834076372463346432e-87
-0.3923611111111111	5.5333238485679117684032034052203909229158634734638e-88
-0.390625	1.6312357784838105135204296288919700053464587228138e-88
-0.3888888888888889	4.8401561268062456454733616157409660385571092423056e-89
-0.3871527777777778	1.4263494398900780255048346392859767029311706608648e-89
-0.3854166666666667	4.1509484875690675077689259630325918558413259663025e-90
-0.3836805555555556	1.216932024027446207499862173654026307657752102767e-90
-0.3819444444444444	3.5421152334794198685959415046405898067165587959633e-91
-0.3802083333333333	1.0267392764366599010706029713307611109208960703311e-91
-0.3784722222222222	2.9244814718508544465333327462836457716786650444729e-92
-0.3767361111111111	8.3061817930221357025893197303189330608896752419317e-93
-0.375	2.3539670998458898041549757579292068797080010125224e-93
-0.3732638888888889	6.644852719105779695908694906331685807624644410193e-94
-0.3715277777777778	1.8549519686900864268135725783777131050836788819107e-94
-0.3697916666666667	5.1783718828070413199217629563426186284801640616348e-95
-0.3680555555555556	1.4324165888443646997431530384732138155173596958533e-95
-0.3663194444444444	3.9325885529657309935340861580045408063849493394335e-96
-0.3645833333333333	1.0736188676231002793039115135145673233908136269754e-96
-0.3628472222222222	2.9355529626515358036221264120461803026065589611169e-97
-0.3611111111111111	7.909610380211949341278371962595186409621957794225e-98
-0.359375	2.132371321403012374883554862261334812433799983282e-98
-0.3576388888888889	5.6933169071027268193111618309684978305177431193074e-99
-0.3559027777777778	1.5087016896824489648720445186578783741352794009791e-99
-0.3541666666666667	3.9894116573689108530058999684920133066167154466006e-100
-0.3524305555555556	1.0424888306157090194987312234863160212642418217373e-100
-0.3506944444444444	2.7388512936068342028483846544953199377843739933404e-101
-0.3489583333333333	7.0947998809025562679747116460578358050678771186108e-102
-0.3472222222222222	1.837729029085177597053605862807503765231597033081e-102
-0.3454861111111111	4.6883595356436118776109514997334139746902105125783e-103
-0.34375	1.1929927455981599819486852911277318357883292409423e-103
-0.3420138888888889	3.0080757480592798819139350129791152557080692589143e-104
-0.3402777777777778	7.5783843060332227596652303238076313392578969350432e-105
-0.3385416666666667	1.9136864106919183549184171968431475202709432267472e-105
-0.3368055555555556	4.7423849038855186788533001203535134561028157598973e-106
-0.3350694444444444	1.1676549159362474850656421170176832678473286981043e-106
-0.3333333333333333	2.8766472060907229074444242711016478937674768444473e-107
-0.3315972222222222	7.0057360553862571683472723229541246255359657485507e-108
-0.3298611111111111	1.7029489807870802923815244722818735693645820996028e-108
-0.328125	4.0832925630137503455539467939307664657334011647654e-109
-0.3263888888888889	9.7931137411199975483682112246855640665895106225136e-110
-0.3246527777777778	2.334814206574669045300968466151579910003482139872e-110
-0.3229166666666667	5.5218838978121379769715831810070758676423448280646e-111
-0.3211805555555556	1.2872009303374310165071155254206812632722956719183e-111
-0.3194444444444444	3.0177681279721793133467108427268260104535986887452e-112
-0.3177083333333333	7.0078775175775075105960337221210882507186884493126e-113
-0.3159722222222222	1.6218825852344594041578434775266258193401273293733e-113
-0.3142361111111111	3.7038466742744403007191935614177671950008706513256e-114
-0.3125	8.4465911811569733232669612596090815601946229264023e-115
-0.3107638888888889	1.9009897950733308923606459673674587500267754868151e-115
-0.3090277777777778	4.2839858694269420308766698702565700319198845656501e-116
-0.3072916666666667	9.5663453166397845485199064756416465573629293547824e-117
-0.3055555555555556	2.1168729803965794059675060304175407621450903109965e-117
-0.3038194444444444	4.6552077906414963054807607179187110068177882499022e-118
-0.3020833333333333	1.0176630883968422848826922717656793922213977818944e-118
-0.3003472222222222	2.196621098234844983404753973519876952761763707039e-119
-0.2986111111111111	4.7393461331376713180662391745230109651060903205267e-120
-0.296875	1.024828883950306541994176218810206081002678097653e-120
-0.2951388888888889	2.1650760698270397085328305682476773286046630519122e-121
-0.2934027777777778	4.5578610624003608898908929826001359386044165032118e-122
-0.2916666666666667	9.6316089094642546606099730039186098955718435189109e-123
-0.2899305555555556	2.0021904891152107450048373194381162008933309598392e-123
-0.2881944444444444	4.1537921884483593672428644949694987555787486825002e-124
-0.2864583333333333	8.5219906362069684330658629698293713032011323856522e-125
-0.2847222222222222	1.7479012200181344745665546263949594474931100340245e-125
-0.2829861111111111	3.52560324204498816593590495723609479328489987676e-126
-0.28125	7.0792342142337111171818964001794438269350740657591e-127
-0.2795138888888889	1.4275889460685718289762110621955638788250815178761e-127
-0.2777777777777778	2.8171419164757738308932894120142454855673827045192e-128
-0.2760416666666667	5.5712136250284011920711437730824932455220808123235e-129
-0.2743055555555556	1.0899159146057987072477838425553831256100574918559e-129
-0.2725694444444444	2.1211310165351741400125373905695040044776557740175e-130
-0.2708333333333333	4.0744955826465515053633528751771647061999872731912e-131
-0.2690972222222222	7.8140097023876486324512341256451246410036140837973e-132
-0.2673611111111111	1.492449903427340129639564561629310052911362489025e-132
-0.265625	2.8139339230030690658602701913412029675313367575221e-133
-0.2638888888888889	5.2719163215771000176009497603877339269782319400229e-134
-0.2621527777777778	9.8235646980949842931268176417062886962459580464979e-135
-0.2604166666666667	1.8236394913514964811161493981794807448677569736767e-135
-0.2586805555555556	3.3226764474228549353180336154936134119401950237805e-136
-0.2569444444444444	6.0541468762525066909570196776345958923919865146397e-137
-0.2552083333333333	1.0897461389148375258941969556846666377878444624336e-137
-0.2534722222222222	1.9512450492328903267088600697253996029547969283634e-138
-0.2517361111111111	3.4840348684076269895365009051381274128232044777151e-139
-0.25	6.1271924368149637100004530559875381869633182909694e-140
-0.2482638888888889	1.0727537310531432161362249159921115037190618126547e-140
-0.2465277777777778	1.866150908203415325931638905378141379960200029405e-141
-0.24479166666666666	3.2180336062399973198544953944982280565532644232322e-142
-0.24305555555555555	5.4932081251165982112707498484158432686515579853139e-143
-0.24131944444444445	9.2984401219169312316680800917663225412378554431284e-144
-0.23958333333333334	1.5655022637863675926170729778688116456238990693299e-144
-0.2378472222222222	2.6181383082962429143771362446770098198120536527985e-145
-0.2361111111111111	4.3312654251396185106730788424173369469793203999076e-146
-0.234375	7.1299399207523323994882739371476256970300638895294e-147
-0.2326388888888889	1.1643778162704974008743549078232713749747528315275e-147
-0.2309027777777778	1.8781896494469750582844813496405507165522367317384e-148
-0.22916666666666666	3.0154550330842877092071646861191778658869914311402e-149
-0.22743055555555555	4.825271317958003811498885108742995050012764910003e-150
-0.22569444444444445	7.5912214711884705153648561581133640344150244438243e-151
-0.22395833333333334	1.1912923022806690302485874518988006179073036189335e-151
-0.2222222222222222	1.8465357969882474199751450082271904612553605789883e-152
-0.2204861111111111	2.8502184762848065498767316940272128881546237312461e-153
-0.21875	4.3702308256580583977973018585373869896554555356159e-154
-0.2170138888888889	6.5714853536086153919957986597052110095333357228836e-155
-0.2152777777777778	9.8754855925378211431629048535310653777450357109946e-156
-0.21354166666666666	1.4671461179873261661683711810520167651436053543751e-156
-0.21180555555555555	2.157048435750242954626159753687020253811511422209e-157
-0.21006944444444445	3.1598631159937519866401201617939721331240021596014e-158
-0.20833333333333334	4.5619856555966909426448400056120310582042446231756e-159
-0.2065972222222222	6.5577112959888709868521784676954249455101561729453e-160
-0.2048611111111111	9.2991528764304939176513038739289812330233824032978e-161
-0.203125	1.317431348806868355712957895960945189365081888832e-161
-0.2013888888888889	1.8260403138080534052902050993509300675653589000316e-162
-0.1996527777777778	2.5384254133644852782836055317243864043906914876193e-163
-0.19791666666666666	3.4587789620548579000318228029069631264733406016307e-164
-0.19618055555555555	4.7061338139299485644227618839613018988561727186103e-165
-0.19444444444444445	6.3053476618207712834729971664687566363844260898182e-166
-0.19270833333333334	8.4199325972717026226191256437487510455965442293449e-167
-0.1909722222222222	1.111988119323174925160440588971449424188342703454e-167
-0.1892361111111111	1.4502425349393383529466581897354310567432640100595e-168
-0.1875	1.8849035728010468935933516069323402767891489987108e-169
-0.1857638888888889	2.4205938528771674857283763028423417296780236684586e-170
-0.1840277777777778	3.0560937234127142725911840254224535849743695825481e-171
-0.18229166666666666	3.8361930161098426767296709342865842275743986475912e-172
-0.18055555555555555	4.7840993774242412223787948076076420961730400747753e-173
-0.17881944444444445	5.8802569888383639167793930162531699187186699055282e-174
-0.17708333333333334	7.1824529222392331648199297253218271628075250977104e-175
-0.1753472222222222	8.6750520230008794413366865888627736584994803102324e-176
-0.1736111111111111	1.0343074263296569434021842193785374826285970334311e-176
-0.171875	1.2241340604179244080815855986642480947307956708106e-177
-0.1701388888888889	1.4360111589062381706200173239725531217749140841185e-178
-0.1684027777777778	1.6449102969346911182300993897742990980511950501654e-179
-0.16666666666666666	1.8851152715687167593563113138366780840480321442818e-180
-0.16493055555555555	2.1336473925022506417412369838331309611210512425099e-181
-0.16319444444444445	2.3907358271849927791508969994133585246727595531921e-182
-0.16145833333333334	2.6509955362293432746911727757576635386415731143744e-183
-0.1597222222222222	2.9051129275275221283292214415766620936458538493439e-184
-0.1579861111111111	3.1494303764633548571930369659155374177724789996174e-185
-0.15625	3.3948504556408070209300634327560140862782413363423e-186
-0.1545138888888889	3.6116918324088562230832944577071566957247281370641e-187
-0.1527777777777778	3.7500959894521808663495951080655123938670430387911e-188
-0.15104166666666666	3.8854040524173501459423805111113399352697738412076e-189
-0.14930555555555555	3.9727804624484255236883427472959523815082523607253e-190
-0.14756944444444445	4.0201803685612200736622491722309387702679616989025e-191
-0.14583333333333334	4.0134046733758618486449701793239551821818162207593e-192
-0.1440972222222222	3.9545671146030815635995036916590384591601658383822e-193
-0.1423611111111111	3.8579381936084606788883988070707385026496780786916e-194
-0.140625	3.7029729489159668571405188738281271853325056233041e-195
-0.1388888888888889	3.511774754507760485553192375903567992824453070149e-196
-0.1371527777777778	3.2891705607257050294644348061297890948159155338831e-197
-0.13541666666666666	3.0435836149595387449673894503556775560192499978879e-198
-0.13368055555555555	2.7746289002980968192421463455888860106981654181959e-199
-0.13194444444444445	2.5018917339174099000556398292108855268160127299402e-200
-0.13020833333333334	2.2263639931470042736095650341667800026909728923761e-201
-0.1284722222222222	1.9548670368332027166860928736263325212611814948892e-202
-0.1267361111111111	1.6899634603735125547000092631054153536910397472e-203
-0.125	1.4425454059905170625209899103587466678427116954935e-204
-0.1232638888888889	1.2190117854515032866568626632661935854981163171137e-205
-0.12152777777777778	1.0125937694873815602106557690011998153076741061021e-206
-0.11979166666666667	8.2652102938791859623847626810762159431437479028626e-208
-0.11805555555555555	6.6448173973294907801484462457214571297495006857704e-209
-0.11631944444444445	5.2640967299060501753528781916327495733431877613867e-210
-0.11458333333333333	4.1313300784540072611159000432633637755440202364308e-211
-0.11284722222222222	3.1970351609935053330943204387699318520483931118127e-212
-0.1111111111111111	2.4298069275403874088214835685641519875937996951402e-213
-0.109375	1.8120752600863352829585608425987214658819239004797e-214
-0.1076388888888889	1.3335630696139787934125849391667119031736267883103e-215
-0.10590277777777778	9.6282110343997570991574003170410118913749540737213e-217
-0.10416666666666667	6.8277566007786284761605277767225453594715969152815e-218
-0.10243055555555555	4.7683659888060392871185439574629968250862064393759e-219
-0.10069444444444445	3.2805163482525159172287338097871363940719394912281e-220
-0.09895833333333333	2.2196538973972328722687129035891431375294479389512e-221
-0.09722222222222222	1.4765409268162041260498739128864325046802000835946e-222
-0.0954861111111111	9.5957568848613128911817037730110577681076874120446e-224
-0.09375	6.1461278486598435474249978066438190292988827180928e-225
-0.0920138888888889	3.8756168622281383600883685018503636607880108227056e-226
-0.09027777777777778	2.3859086373434105438319341391182768327008936677077e-227
-0.08854166666666667	1.4470470679472132719553851464970124905520278171516e-228
-0.08680555555555555	8.5812254720858203900787572539286297016907283039675e-230
-0.08506944444444445	4.9915433294356161661736026692622358397342503070087e-231
-0.08333333333333333	2.8271832661455407779298143568389098100382212766034e-232
-0.08159722222222222	1.5696743080873169341954454849337903026942809441243e-233
-0.0798611111111111	8.5373061570797833854286256983118303124749349843425e-235
-0.078125	4.5590525639377237854149474803526366415750168227332e-236
-0.0763888888888889	2.3801506339942386604454466508347600125892867018897e-237
-0.07465277777777778	1.2079766572056711151637153142587291888502577638949e-238
-0.07291666666666667	6.0304557961891654581282278636723100085590519508644e-240
-0.07118055555555555	2.9130927709820233839795295539560238876118798031409e-241
-0.06944444444444445	1.3801198521263063067206227018393118190498316646567e-242
-0.06770833333333333	6.3675661232345800683358770994939197178477972354348e-244
-0.06597222222222222	2.8637453796654473369438172595705353659727768525112e-245
-0.0642361111111111	1.2535527680112345372784174153925215484814505583e-246
-0.0625	5.2889663490609499373106982355652788822915739779812e-248
-0.06076388888888889	2.2079873677728916690365090512354270318898168516858e-249
-0.059027777777777776	8.8114971249951769289057486148834072410915627648568e-251
-0.057291666666666664	3.4418924915229913501675851245883775755223862749096e-252
-0.05555555555555555	1.3066832171938383058378067474764647634552104522793e-253
-0.05381944444444445	4.8242962817536437093218388932972371982904611925308e-255
-0.052083333333333336	1.7048703910609762215470362815395374467640297004044e-256
-0.050347222222222224	5.8327109247804778908292335710722390827670913429464e-258
-0.04861111111111111	1.9455197199032564487292960806590179350585552626726e-259
-0.046875	6.2084668502409382711758437621853577612605778473337e-261
-0.04513888888888889	1.9068703302375244287677102207323369266890221765443e-262
-0.043402777777777776	5.6355004629144104944338141037327340116297718841772e-264
-0.041666666666666664	1.5920212426844578033693322570397062785533496454033e-265
-0.03993055555555555	4.329150341605316345292738788284195373244297729259e-267
-0.03819444444444445	1.1236293803459865819423296259495969521256135117235e-268
-0.036458333333333336	2.7728366624947469846685300465514562453645017971087e-270
-0.034722222222222224	6.5076537533534641286406416462293074109928925959014e-272
-0.03298611111111111	1.4383971980473369695862912304655270307399544620177e-273
-0.03125	3.0263003769080029916789882916202486348569982974321e-275
-0.029513888888888888	6.0082272379014489718532405318553266551143717914132e-277
-0.027777777777777776	1.1086003011661255132000567544105322876565398213925e-278
-0.026041666666666668	1.9202689751229491378533164882989444744059434530279e-280
-0.024305555555555556	3.0998009781857151834253085169944932599976006944906e-282
-0.022569444444444444	4.5994674898705679661377712331701552243640920933839e-284
-0.020833333333333332	6.3518263238620292529297170816561139133789981734582e-286
-0.019097222222222224	7.9313183394375982825658564701076644128832613705379e-288
-0.017361111111111112	9.084321780789056198563023911375009314127391704258e-290
-0.015625	9.0978671843215916284845964105320674146638274537049e-292
-0.013888888888888888	7.888521821421194028024407359244684361039397057277e-294
-0.012152777777777778	5.8950194239257235095382753522441192110602045150958e-296
-0.010416666666666666	3.6727075933452170451921376460305231013627894147601e-298
-0.008680555555555556	1.8298891388009461545678140763083666884625645462518e-300
-0.006944444444444444	6.9848620875605595050715608783166952153095933305363e-303
-0.005208333333333333	1.7899342076539629278263505446916395119332648743129e-305
-0.003472222222222222	2.2029665613250596316070419828887261818122103655741e-308
-0.001736111111111111	0.0
0.0	0.0
