-1596.317956829554
-Infinity
-1588.5755548077382
-1587.8824076271783
-1581.5224013260668
-1580.1374048236626
-1574.8656833227437
-1573.0816531999756
-1568.4827734492444
-1566.4257730651457
-1562.3049218324622
-1560.0503446901255
-1556.2881147959101
-1553.8892931898263
-1550.40230646206
-1547.9004041185144
-1544.626409254972
-1542.054300520143
-1538.9454549645993
-1536.3293788396304
-1533.3487011068257
-1530.7091513405617
-1527.828258482271
-1525.1807081688596
-1522.3780973267944
-1519.7337540308054
-1516.9933640955257
-1514.3599629616856
-1511.6699450181559
-1509.0525215708135
-1506.4042083352772
-1503.8057919454104
-1501.1928630810787
-1498.6150560233377
-1496.0328863440393
-1493.4763189948435
-1490.9214865906845
-1488.3861574343991
-1485.8560836294932
-1483.3416021426874
-1480.8342948495354
-1478.3400480837681
-1475.8539229304215
-1473.3791853534904
-1470.9129432739367
-1468.4569462885042
-1466.009490885498
-1463.5714648084956
-1461.1418470201547
-1458.7210449316622
-1456.3084260422597
-1453.9041361213187
-1451.5077628853278
-1449.1193137090884
-1446.738501374014
-1444.365263103305
-1441.999383547187
-1439.6407668440313
-1437.2892400239577
-1434.9446938269803
-1432.6069813878187
-1430.2759902071937
-1427.951590523821
-1425.6336716272872
-1423.3221158234164
-1421.01681650934
-1418.7176651648147
-1416.4245602155881
-1414.13740057832
-1411.8560899296108
-1409.5805335123255
-1407.310640142784
-1405.046320624
-1402.787488654692
-1400.5340600276345
-1398.2859530138185
-1396.0430879422465
-1393.8053873381407
-1391.5727756879521
-1389.3451794654889
-1387.1225269876136
-1384.904748391611
-1382.6917755363543
-1380.4835419603394
-1378.2799828067502
-1376.081034775517
-1373.8866360619525
-1371.6967263086747
-1369.5112465527855
-1367.3301391800487
-1365.153347878069
-1362.980817593559
-1360.8124944901508
-1358.6483259089068
-1356.4882603299543
-1354.3322473361184
-1352.1802375778407
-1350.032182739712
-1347.8880355082797
-1345.7477495412325
-1343.611279437783
-1341.4785807102621
-1339.3496097568159
-1337.224323835184
-1335.1026810374856
-1332.9846402659805
-1330.870161209746
-1328.759204322236
-1326.6517307996774
-1324.547702560264
-1322.4470822241144
-1320.3498330939562
-1318.2559191365076
-1316.165304964521
-1314.0779558194638
-1311.9938375548031
-1309.9129166198752
-1307.835160044308
-1305.760535422976
-1303.6890109014666
-1301.6205551620321
-1299.5551374100119
-1297.4927273607013
-1295.4332952266527
-1293.3768117053876
-1291.323247967506
-1289.2725756451755
-1287.2247668209861
-1285.179794017156
-1283.1376301850723
-1281.0982486951607
-1279.0616233270619
-1277.0277282601094
-1274.9965380640976
-1272.9680276903246
-1270.9421724629037
-1268.9189480703321
-1266.8983305573079
-1264.8802963167834
-1262.8648220822522
-1260.8518849202555
-1258.8414622231028
-1256.8335317017998
-1254.8280713791742
-1252.8250595831937
-1250.8244749404712
-1248.8262963699458
-1246.8305030767383
-1244.8370745461752
-1242.845990537971
-1240.8572310805675
-1238.8707764656258
-1236.8866072426595
-1234.9047042138131
-1232.9250484287745
-1230.9476211798194
-1228.9724039969828
-1226.9993786433556
-1225.0285271104985
-1223.0598316139728
-1221.0932745889834
-1219.128838686129
-1217.1665067672589
-1215.20626190143
-1213.2480873609647
-1211.2919666176017
-1209.3378833387412
-1207.385821383781
-1205.4357648005368
-1203.4876978217499
-1201.5416048616755
-1199.5974705127512
-1197.6552795423422
-1195.715016889562
-1193.7766676621668
-1191.8402171335179
-1189.9056507396149
-1187.9729540761969
-1186.0421128959038
-1184.113113105506
-1182.1859407631914
-1180.2605820759134
-1178.3370233967962
-1176.415251222597
-1174.4952521912217
-1172.5770130792944
-1170.6605207997786
-1168.7457623996481
-1166.8327250576071
-1164.9213960818577
-1163.0117629079136
-1161.103813096459
-1159.1975343312513
-1157.2929144170657
-1155.3899412776825
-1153.4886029539136
-1151.588887601669
-1149.690783490062
-1147.7942789995495
-1145.8993626201127
-1144.0060229494686
-1142.1142486913186
-1140.2240286536305
-1138.3353517469527
-1136.4482069827595
-1134.5625834718298
-1132.6784704226532
-1130.7958571398667
-1128.914733022721
-1127.0350875635745
-1125.1569103464126
-1123.2801910453954
-1121.404919423432
-1119.5310853307776
-1117.6586787036574
-1115.7876895629124
-1113.918108012671
-1112.0499242390404
-1110.1831285088228
-1108.317711168252
-1106.4536626417496
-1104.5909734307043
-1102.7296341122692
-1100.8696353381793
-1099.0109678335862
-1097.153622395914
-1095.2975898937304
-1093.4428612656357
-1091.5894275191688
-1089.7372797297303
-1087.8864090395189
-1086.0368066564863
-1084.188463853304
-1082.3413719663463
-1080.4955223946854
-1078.6509065991022
-1076.8075161011084
-1074.9653424819799
-1073.1243773818048
-1071.2846124985408
-1069.4460395870838
-1067.6086504583482
-1065.7724369783555
-1063.9373910673332
-1062.103504698823
-1060.270769898796
-1058.439178744779
-1056.6087233649832
-1054.7793959374467
-1052.9511886891762
-1051.1240938953006
-1049.2981038782268
-1047.4732110068007
-1045.649407695475
-1043.826686403478
-1042.005039633987
-1040.1844599333065
-1038.3649398900448
-1036.546472134297
-1034.729049336827
-1032.912664208251
-1031.0973094982214
-1029.2829779946132
-1027.4696625227064
-1025.6573559443711
-1023.8460511572514
-1022.0357410939461
-1020.2264187211911
-1018.4180770390378
-1016.6107090800323
-1014.80430790839
-1012.9988666191721
-1011.1943783374574
-1009.3908362175152
-1007.5882334419758
-1005.786563221001
-1003.985818791454
-1002.1859934160713
-1000.3870803826337
-998.5890730031426
-996.7919646129966
-994.9957485701754
-993.2004182544288
-991.405967066474
-989.6123884272029
-987.8196757769006
-986.0278225744797
-984.2368222967308
-982.4466684375923
-980.6573545074451
-978.8688740324326
-977.0812205538115
-975.2943876273366
-973.5083688226863
-971.7231577229289
-969.9387479240409
-968.1551330344766
-966.3723066748003
-964.5902624773823
-962.8089940861693
-961.0284951565332
-959.2487593552066
-957.469780360313
-955.6915518614978
-953.9140675601695
-952.1373211698599
-950.3613064167092
-948.5860170400892
-946.8114467933684
-945.0375894448326
-943.2644387787673
-941.4919885967123
-939.7202327188979
-937.9491649858707
-936.1787792603188
-934.4090694291058
-932.6400294055197
-930.8716531317481
-929.1039345815834
-927.3368677633686
-925.5704467231873
-923.8046655483055
-922.0395183708677
-920.274999371853
-918.5111027852931
-916.7478229027524
-914.9851540780721
-913.2230907323761
-911.4616273593358
-909.7007585306894
-907.94047890201
-906.1807832187136
-904.4216663222987
-902.6631231568047
-900.9051487754754
-899.1477383476132
-897.3908871656055
-895.6345906521035
-893.8788443673325
-892.1236440165102
-890.3689854573468
-888.6148647076011
-886.8612779526621
-885.1082215531275
-883.3556920523455
-881.6036861838886
-879.8522008789237
-878.1012332734447
-876.3507807153318
-874.6008407712012
-872.85141123301
-871.1024901243799
-869.3540757066041
-867.6061664843048
-865.858761210705
-864.1118588924844
-862.3654587941887
-860.6195604421632
-858.8741636279839
-857.1292684113635
-855.38487512251
-853.64098436392
-851.8975970115896
-850.154714215634
-848.4123374003046
-846.6704682633975
-844.9291087750547
-843.1882611759565
-841.4479279749121
-839.7081119458561
-837.968816124264
-836.2300438030005
-834.4917985276203
-832.7540840911429
-831.0169045283243
-829.2802641094537
-827.5441673337039
-825.8086189220655
-824.0736238099
-822.3391871391435
-820.605314250198
-818.8720106735469
-817.1392821211311
-815.4071344775234
-813.6755737909377
-811.9446062641122
-810.2142382451004
-808.4844762180086
-806.7553267937125
-805.0267967005882
-803.2988927752898
-801.5716219536032
-799.8449912614069
-798.1190078057672
-796.393678766191
-794.669011386064
-792.9450129642913
-791.2216908471637
-789.4990524204644
-787.7771051018342
-786.0558563334062
-784.3353135747224
-782.6154842959431
-780.8963759713535
-779.1779960731765
-777.4603520656941
-775.7434513996801
-774.027301507145
-772.3119097963933
-770.597283647389
-768.8834304074303
-767.1703573871251
-765.4580718566641
-763.7465810423852
-762.0358921236221
-760.3260122298295
-758.616948437976
-756.9087077701969
-755.2012971916963
-753.4947236088909
-751.7889938677832
-750.0841147525562
-748.3800929843771
-746.6769352204032
-744.9746480529751
-743.2732380089915
-741.5727115494516
-739.8730750691583
-738.17433489657
-736.4764972937926
-734.7795684567013
-733.0835545151846
-731.3884615334995
-729.694295510731
-728.0010623813471
-726.3087680158408
-724.617418221452
-722.9270187429619
-721.237575263552
-719.5490934057236
-717.8615787322675
-716.1750367472815
-714.489472897228
-712.8048925720273
-711.1213011061802
-709.4387037799179
-707.7571058203702
-706.0765124027535
-704.3969286515699
-702.7183596418158
-701.0408104001978
-699.3642859063494
-697.68879109405
-696.014330852439
-694.3409100272271
-692.6685334218982
-690.9972057989036
-689.3269318808437
-687.6577163516386
-685.989563857682
-684.3224790089818
-682.6564663802818
-680.9915305121672
-679.32767591215
-677.6649070557347
-676.0032283874649
-674.3426443219474
-672.6831592448555
-671.0247775139103
-669.3675034598403
-667.711341387318
-666.0562955758734
-664.4023702807862
-662.7495697339541
-661.097898144739
-659.4473597007898
-657.7979585688436
-656.1496988955041
-654.5025848079972
-652.8566204149059
-651.2118098068822
-649.5681570573386
-647.9256662231176
-646.2843413451417
-644.6441864490414
-643.0052055457646
-641.3674026321654
-639.7307816915738
-638.0953466943477
-636.4611015984041
-634.8280503497351
-633.1961968829042
-631.5655451215266
-629.9360989787322
-628.3078623576125
-626.6808391516523
-625.0550332451451
-623.4304485135938
-621.8070888240974
-620.1849580357226
-618.5640599998633
-616.9443985605848
-615.3259775549567
-613.7088008133733
-612.0928721598607
-610.4781954123738
-608.864774383081
-607.2526128786384
-605.6417147004538
-604.0320836449393
-602.4237235037564
-600.8166380640487
-599.2108311086682
-597.6063064163912
-596.0030677621265
-594.4011189171147
-592.8004636491203
-591.2011057226165
-589.6030488989619
-588.0062969365705
-586.4108535910757
-584.8167226154868
-583.22390776034
-581.6324127738434
-580.0422414020156
-578.4533973888202
-576.8658844762939
-575.2797064046692
-573.6948669124941
-572.1113697367457
-570.5292186129388
-568.9484172752325
-567.3689694565307
-565.7908788885795
-564.2141493020608
-562.6387844266822
-561.064787991264
-559.4921637238219
-557.9209153516481
-556.3510466013877
-554.7825611991136
-553.2154628703984
-551.6497553403829
-550.0854423338426
-548.522527575253
-546.9610147888507
-545.4009076986929
-543.8422100287162
-542.2849255027918
-540.7290578447787
-539.1746107785775
-537.6215880281788
-536.0699933177139
-534.5198303715001
-532.9711029140879
-531.4238146703046
-529.8779693652973
-528.3335707245744
-526.7906224740468
-525.2491283400659
-523.7090920494627
-522.1705173295845
-520.6334079083308
-519.0977675141885
-517.5635998762662
-516.0309087243268
-514.4996977888204
-512.9699708009164
-511.44173149253265
-509.9149835963676
-508.3897308459275
-506.86597697555703
-505.34372572046595
-503.8229808167571
-502.3037460014532
-500.78602501252294
-499.269821588907
-497.75513947054264
-496.2419823983887
-494.7303541144504
-493.2202583618018
-491.71169888461077
-490.2046794281598
-488.69920373887044
-487.19527556432445
-485.6928986532855
-484.19207675572034
-482.69281362282027
-481.195113007022
-479.69897866202655
-478.2044143428211
-476.7114238056977
-475.22001080827226
-473.7301791095049
-472.24193246971754
-470.7552746506133
-469.27020941529395
-467.78674052827955
-466.3048717555241
-464.8246068644348
-463.3459496238886
-461.8689038042494
-460.3934731773852
-458.9196615166841
-457.44747259707106
-455.9769101950251
-454.5079780885933
-453.0406800574083
-451.57501988270315
-450.1110013473269
-448.6486282357598
-447.1879043341289
-445.72883343022136
-444.27141931350116
-442.8156657751217
-441.36157660794174
-439.9091556065382
-438.4584065672209
-437.0093332880465
-435.56193956883135
-434.11622921116555
-432.6722060184261
-431.2298737957901
-429.78923635024717
-428.3502974906137
-426.91306102754334
-425.4775307735415
-424.04371054297667
-422.61160415209247
-421.18121541901996
-419.75254816379015
-418.32560620834397
-416.90039337654616
-415.47691349419415
-414.05517038903145
-412.63516789075766
-411.2169098310392
-409.8004000435212
-408.3856423638367
-406.97264062961835
-405.5613986805083
-404.1519203581681
-402.7442095062893
-401.3382699706028
-399.9341055988891
-398.5317202409874
-397.13111774880554
-395.7323019763285
-394.33527677962843
-392.94004601687357
-391.5466135483364
-390.1549832364028
-388.7651589455804
-387.3771445425075
-385.99094389596075
-384.6065608768631
-383.22399935829253
-381.84326321548906
-380.4643563258628
-379.08728256900145
-377.7120458266777
-376.3386499828555
-374.9670989236988
-373.59739653757674
-372.2295467150718
-370.8635533489851
-369.49942033434377
-368.1371515684068
-366.77675095067116
-365.41822238287796
-364.0615697690182
-362.706797015338
-361.3539080303444
-360.0029067248115
-358.6537970117838
-357.30658280658304
-355.9612680268117
-354.617856592359
-353.27635242540396
-351.9367594504208
-350.5990815941832
-349.2633227857675
-347.9294869565574
-346.5975780402473
-345.267599972846
-343.93955669268007
-342.6134521403967
-341.2892902589674
-339.96707499369063
-338.64681029219423
-337.32850010443804
-336.012148382717
-334.69775908166207
-333.3853361582435
-332.07488357177203
-330.76640528390044
-329.45990525862544
-328.1553874622891
-326.8528558635792
-325.5523144335316
-324.2537671455291
-322.9572179753043
-321.6626709009381
-320.37012990286075
-319.0795989638525
-317.791082069042
-316.50458320590724
-315.2201063642749
-313.93765553631897
-312.6572347165609
-311.37884790186695
-310.1024990914491
-308.8281922868616
-307.55593149200035
-306.285720713101
-305.01756395873645
-303.7514652398154
-302.4874285695787
-301.22545796359805
-299.9655574397723
-298.7077310183247
-297.45198272179914
-296.19831657505756
-294.9467366052759
-293.69724684193966
-292.4498513168405
-291.2045540640722
-289.9613591200248
-288.7202705233815
-287.48129231511257
-286.2444285384704
-285.0096832389845
-283.77706046445564
-282.5465642649499
-281.31819869279275
-280.09196780256275
-278.8678756510851
-277.6459262974247
-276.42612380287915
-275.2084722309721
-273.99297564744484
-272.77963812024973
-271.5684637195411
-270.35945651766815
-269.15262058916596
-267.947960010747
-266.7454788612922
-265.5451812218421
-264.3470711755865
-263.1511528078563
-261.9574302061126
-260.76590745993667
-259.57658866101997
-258.38947790315297
-257.20457928221435
-256.02189689616057
-254.84143484501328
-253.66319723084825
-252.48718815778352
-251.31341173196688
-250.14187206156316
-248.9725732567424
-247.8055194296653
-246.64071469447117
-245.47816316726403
-244.31786896609765
-243.15983621096348
-242.0040690237738
-240.85057152834906
-239.6993478504014
-238.55040211751975
-237.4037384591545
-236.25936100660147
-235.1172738929854
-233.9774812532437
-232.8399872241091
-231.7047959440938
-230.5719115534705
-229.44133819425565
-228.31308001019102
-227.1871411467257
-226.06352575099686
-224.94223797181098
-223.8232819596251
-222.7066618665258
-221.59238184621108
-220.48044605396876
-219.37085864665596
-218.26362378267845
-217.15874562196996
-216.05622832596896
-214.95607605759847
-213.85829298124236
-212.76288326272402
-211.669851069282
-210.57920056954777
-209.4909359335213
-208.4050613325478
-207.32158093929252
-206.24049892771632
-205.16181947305085
-204.08554675177288
-203.01168494157832
-201.9402382213559
-200.87121077116126
-199.80460677218912
-198.74043040674724
-197.67868585822725
-196.6193773110772
-195.5625089507737
-194.50808496379204
-193.4561095375782
-192.40658686051756
-191.35952112190694
-190.3149165119221
-189.27277722158897
-188.2331074427509
-187.19591136803774
-186.16119319083396
-185.12895710524572
-184.09920730606882
-183.07194798875503
-182.04718334937775
-181.02491758459996
-180.00515489163718
-178.98789946822512
-177.97315551258203
-176.9609272233747
-175.95121879968178
-174.94403444095633
-173.93937834699045
-172.93725471787616
-171.93766775396875
-170.94062165584728
-169.94612062427677
-168.95416886016847
-167.96477056454046
-166.97792993847725
-165.993651183089
-165.01193849947094
-164.03279608866183
-163.05622815160154
-162.08223888908924
-161.11083250173942
-160.14201318994014
-159.17578515380774
-158.21215259314317
-157.25111970738726
-156.2926906955754
-155.33686975629143
-154.38366108762193
-153.4330688871089
-152.48509735170364
-151.53975067771762
-150.59703306077563
-149.65694869576578
-148.7195017767915
-147.7846964971218
-146.85253704913998
-145.92302762429404
-144.9961724130451
-144.07197560481563
-143.15044138793792
-142.23157394960003
-141.31537747579387
-140.40185615126097
-139.491014159438
-138.5828556824024
-137.6773849008166
-136.7746059938729
-135.8745231392361
-134.97714051298794
-134.0824622895684
-133.19049264171872
-132.30123574042227
-131.41469575484598
-130.53087685228047
-129.6497831980805
-128.77141895560362
-127.89578828614913
-127.02289534889746
-126.15274430084605
-125.28533929674836
-124.42068448904911
-123.5587840278215
-122.69964206070176
-121.843262732825
-120.98965018675881
-120.13880856243827
-119.29074199709817
-118.44545462520614
-117.60295057839517
-116.76323398539489
-115.92630897196295
-115.09217966081542
-114.26085017155629
-113.43232462060814
-112.60660712113918
-111.78370178299315
-110.96361271261617
-110.14634401298372
-109.33189978352812
-108.52028412006325
-107.71150111471138
-106.9055548558265
-106.10244942791996
-105.30218891158347
-104.5047773834126
-103.71021891592841
-102.91851757750078
-102.12967743226932
-101.34370254006353
-100.56059695632439
-99.78036473202246
-99.00300991357904
-98.22853654278242
-97.45694865670771
-96.68825028763376
-95.9224454629591
-95.15953820511959
-94.39953253150361
-93.64243245436637
-92.88824198074599
-92.13696511237617
-91.3886058456003
-90.64316817128474
-89.90065607472957
-89.16107353558255
-88.42442452774799
-87.69071301929944
-86.95994297238826
-86.23211834315384
-85.5072430816324
-84.78532113166511
-84.06635643080676
-83.35035291023178
-82.63731449464217
-81.92724510217317
-81.22014864429843
-80.51602902573654
-79.81489014435351
-79.11673589106886
-78.42157014975805
-77.729396797155
-77.04021970275608
-76.35404272871983
-75.67086972977086
-74.99070455309811
-74.3135510382574
-73.63941301707018
-72.96829431352216
-72.30019874366394
-71.63513011550776
-70.97309222892568
-70.31408887554744
-69.65812383865637
-69.00520089308657
-68.35532380511813
-67.70849633237276
-67.06472222370826
-66.42400521911395
-65.7863490496029
-65.15175743710756
-64.52023409437038
-63.89178272483878
-63.26640702255531
-62.644110672050374
-62.024897348233026
-61.408770716282106
-60.7957344315364
-60.185792139384375
-59.578947475154564
-58.97520406400372
-58.37456552080562
-57.77703545004033
-57.182617445681444
-56.59131509108329
-56.003131958868835
-55.418071610816696
-54.836137597746074
-54.25733345940489
-53.68166272435383
-53.109128909853325
-52.53973552174648
-51.973486054346495
-51.41038399031845
-50.850432800565386
-50.2936359441112
-49.73999686798447
-49.189519007101126
-48.64220578414802
-48.09806060946585
-47.55708688093023
-47.01928798383551
-46.484667290775405
-45.95322816152566
-45.42497394292445
-44.89990796875486
-44.378033559624555
-43.85935402284758
-43.34387265232522
-42.831592728424766
-42.32251751786225
-41.816650273580535
-41.3139942346304
-40.81455262604982
-40.318328658743894
-39.82532552936482
-39.33554642019067
-38.84899449900536
-38.365672918977225
-37.8855848185392
-37.40873332126762
-36.93512153576057
-36.46475255551832
-35.99762945882094
-35.53375530860876
-35.073133152360015
-34.61576602197056
-34.16165693363314
-33.71080888771576
-33.26322486864137
-32.81890784476673
-32.3778607682616
-31.940086574988072
-31.50558818438003
-31.074368499322645
-30.646430406031868
-30.22177677393438
-29.800410455546853
-29.38233428635681
-28.96755108470211
-28.55606365165181
-28.147874770886574
-27.74298720857928
-27.341403713275895
-26.94312701577701
-26.548159829019596
-26.156504847957876
-25.76816474944576
-25.38314219211975
-25.001439816280254
-24.623060243775626
-24.24800607788461
-23.87627990320061
-23.50788428551482
-23.14282177170162
-22.781094889602173
-22.422706147910276
-22.067658036057082
-21.715953024098326
-21.367593562599495
-21.02258208252283
-20.68092099511523
-20.34261269179615
-20.007659544044827
-19.676063903289787
-19.34782810079878
-19.022954447567372
-18.701445234210723
-18.383302730853302
-18.068529187021568
-17.757126831536198
-17.449097872403854
-17.144444496711458
-16.843168870520458
-16.545273138761104
-16.250759425128535
-15.95962983197819
-15.671886440222806
-15.387531309230553
-15.106566476723174
-14.828993958674118
-14.554815749209638
-14.28403382050874
-14.01665012270496
-13.752666583787459
-13.492085109505979
-13.234907583272616
-12.981135866067916
-12.730771796346062
-12.483817189941192
-12.240273839974861
-12.000143516764183
-11.763427967730877
-11.530128917311913
-11.300248066869926
-11.07378709460545
-10.850747655470059
-10.631131381079967
-10.414939879630992
-10.20217473581556
-9.9928375107379
-9.786929741833319
-9.584452942787493
-9.385408603455517
-9.189798189783914
-8.997623143733335
-8.808884883200562
-8.623584801944617
-8.441724269511496
-8.263304631160963
-8.088327207795373
-7.916793295887828
-7.74870416741237
-7.584061069776226
-7.42286522575273
-7.265117833413569
-7.110820066065344
-6.9599730721854485
-6.812577975359545
-6.668635874220627
-6.528147842388535
-6.391114928411525
-6.257538155709653
-6.127418522517473
-6.000757001829697
-5.87755454134799
-5.757812063428446
-5.641530465030655
-5.528710617668821
-5.4193533673628735
-5.313459534591402
-5.2110299142473195
-5.112065275592386
-5.016566362216054
-4.924533891992041
-4.835968557040587
-4.7508710236877505
-4.669241932429941
-4.5910818978975385
-4.516391508819879
-4.445171327992966
-4.3774218922483215
-4.3131437124222884
-4.25233727332693
-4.195003033723879
-4.141141426298191
-4.090752857633333
-4.0438377081898125
-4.000396332281525
-3.960429058058253
-3.923936187485424
-3.890917996327744
-3.8613747341339604
-3.8353066242218574
-3.8127138636664313
-3.793596623288522
-3.777955047645264
-3.7657892550219003
-3.7570993374245063
-3.751885360576125
-3.7501473639115375
-3.751885360576125
-3.7570993374245063
-3.7657892550219003
-3.777955047645264
-3.793596623288522
-3.8127138636664313
-3.8353066242218574
-3.8613747341339604
-3.890917996327744
-3.923936187485424
-3.960429058058253
-4.000396332281525
-4.0438377081898125
-4.090752857633333
-4.141141426298191
-4.195003033723879
-4.25233727332693
-4.3131437124222884
-4.3774218922483215
-4.445171327992966
-4.516391508819879
-4.5910818978975385
-4.669241932429941
-4.7508710236877505
-4.835968557040587
-4.924533891992041
-5.016566362216054
-5.112065275592386
-5.2110299142473195
-5.313459534591402
-5.4193533673628735
-5.528710617668821
-5.641530465030655
-5.757812063428446
-5.87755454134799
-6.000757001829697
-6.127418522517473
-6.257538155709653
-6.391114928411525
-6.528147842388535
-6.668635874220627
-6.812577975359545
-6.9599730721854485
-7.110820066065344
-7.265117833413569
-7.42286522575273
-7.584061069776226
-7.74870416741237
-7.916793295887828
-8.088327207795373
-8.263304631160963
-8.441724269511496
-8.623584801944617
-8.808884883200562
-8.997623143733335
-9.189798189783914
-9.385408603455517
-9.584452942787493
-9.786929741833319
-9.9928375107379
-10.20217473581556
-10.414939879630992
-10.631131381079967
-10.850747655470059
-11.07378709460545
-11.300248066869926
-11.530128917311913
-11.763427967730877
-12.000143516764183
-12.240273839974861
-12.483817189941192
-12.730771796346062
-12.981135866067916
-13.234907583272616
-13.492085109505979
-13.752666583787459
-14.01665012270496
-14.28403382050874
-14.554815749209638
-14.828993958674118
-15.106566476723174
-15.387531309230553
-15.671886440222806
-15.95962983197819
-16.250759425128535
-16.545273138761104
-16.843168870520458
-17.144444496711458
-17.449097872403854
-17.757126831536198
-18.068529187021568
-18.383302730853302
-18.701445234210723
-19.022954447567372
-19.34782810079878
-19.676063903289787
-20.007659544044827
-20.34261269179615
-20.68092099511523
-21.02258208252283
-21.367593562599495
-21.715953024098326
-22.067658036057082
-22.422706147910276
-22.781094889602173
-23.14282177170162
-23.50788428551482
-23.87627990320061
-24.24800607788461
-24.623060243775626
-25.001439816280254
-25.38314219211975
-25.76816474944576
-26.156504847957876
-26.548159829019596
-26.94312701577701
-27.341403713275895
-27.74298720857928
-28.147874770886574
-28.55606365165181
-28.96755108470211
-29.38233428635681
-29.800410455546853
-30.22177677393438
-30.646430406031868
-31.074368499322645
-31.50558818438003
-31.940086574988072
-32.3778607682616
-32.81890784476673
-33.26322486864137
-33.71080888771576
-34.16165693363314
-34.61576602197056
-35.073133152360015
-35.53375530860876
-35.99762945882094
-36.46475255551832
-36.93512153576057
-37.40873332126762
-37.8855848185392
-38.365672918977225
-38.84899449900536
-39.33554642019067
-39.82532552936482
-40.318328658743894
-40.81455262604982
-41.3139942346304
-41.816650273580535
-42.32251751786225
-42.831592728424766
-43.34387265232522
-43.85935402284758
-44.378033559624555
-44.89990796875486
-45.42497394292445
-45.95322816152566
-46.484667290775405
-47.01928798383551
-47.55708688093023
-48.09806060946585
-48.64220578414802
-49.189519007101126
-49.73999686798447
-50.2936359441112
-50.850432800565386
-51.41038399031845
-51.973486054346495
-52.53973552174648
-53.109128909853325
-53.68166272435383
-54.25733345940489
-54.836137597746074
-55.418071610816696
-56.003131958868835
-56.59131509108329
-57.182617445681444
-57.77703545004033
-58.37456552080562
-58.97520406400372
-59.578947475154564
-60.185792139384375
-60.7957344315364
-61.408770716282106
-62.024897348233026
-62.644110672050374
-63.26640702255531
-63.89178272483878
-64.52023409437038
-65.15175743710756
-65.7863490496029
-66.42400521911395
-67.06472222370826
-67.70849633237276
-68.35532380511813
-69.00520089308657
-69.65812383865637
-70.31408887554744
-70.97309222892568
-71.63513011550776
-72.30019874366394
-72.96829431352216
-73.63941301707018
-74.3135510382574
-74.99070455309811
-75.67086972977086
-76.35404272871983
-77.04021970275608
-77.729396797155
-78.42157014975805
-79.11673589106886
-79.81489014435351
-80.51602902573654
-81.22014864429843
-81.92724510217317
-82.63731449464217
-83.35035291023178
-84.06635643080676
-84.78532113166511
-85.5072430816324
-86.23211834315384
-86.95994297238826
-87.69071301929944
-88.42442452774799
-89.16107353558255
-89.90065607472957
-90.64316817128474
-91.3886058456003
-92.13696511237617
-92.88824198074599
-93.64243245436637
-94.39953253150361
-95.15953820511959
-95.9224454629591
-96.68825028763376
-97.45694865670771
-98.22853654278242
-99.00300991357904
-99.78036473202246
-100.56059695632439
-101.34370254006353
-102.12967743226932
-102.91851757750078
-103.71021891592841
-104.5047773834126
-105.30218891158347
-106.10244942791996
-106.9055548558265
-107.71150111471138
-108.52028412006325
-109.33189978352812
-110.14634401298372
-110.96361271261617
-111.78370178299315
-112.60660712113918
-113.43232462060814
-114.26085017155629
-115.09217966081542
-115.92630897196295
-116.76323398539489
-117.60295057839517
-118.44545462520614
-119.29074199709817
-120.13880856243827
-120.98965018675881
-121.843262732825
-122.69964206070176
-123.5587840278215
-124.42068448904911
-125.28533929674836
-126.15274430084605
-127.02289534889746
-127.89578828614913
-128.77141895560362
-129.6497831980805
-130.53087685228047
-131.41469575484598
-132.30123574042227
-133.19049264171872
-134.0824622895684
-134.97714051298794
-135.8745231392361
-136.7746059938729
-137.6773849008166
-138.5828556824024
-139.491014159438
-140.40185615126097
-141.31537747579387
-142.23157394960003
-143.15044138793792
-144.07197560481563
-144.9961724130451
-145.92302762429404
-146.85253704913998
-147.7846964971218
-148.7195017767915
-149.65694869576578
-150.59703306077563
-151.53975067771762
-152.48509735170364
-153.4330688871089
-154.38366108762193
-155.33686975629143
-156.2926906955754
-157.25111970738726
-158.21215259314317
-159.17578515380774
-160.14201318994014
-161.11083250173942
-162.08223888908924
-163.05622815160154
-164.03279608866183
-165.01193849947094
-165.993651183089
-166.97792993847725
-167.96477056454046
-168.95416886016847
-169.94612062427677
-170.94062165584728
-171.93766775396875
-172.93725471787616
-173.93937834699045
-174.94403444095633
-175.95121879968178
-176.9609272233747
-177.97315551258203
-178.98789946822512
-180.00515489163718
-181.02491758459996
-182.04718334937775
-183.07194798875503
-184.09920730606882
-185.12895710524572
-186.16119319083396
-187.19591136803774
-188.2331074427509
-189.27277722158897
-190.3149165119221
-191.35952112190694
-192.40658686051756
-193.4561095375782
-194.50808496379204
-195.5625089507737
-196.6193773110772
-197.67868585822725
-198.74043040674724
-199.80460677218912
-200.87121077116126
-201.9402382213559
-203.01168494157832
-204.08554675177288
-205.16181947305085
-206.24049892771632
-207.32158093929252
-208.4050613325478
-209.4909359335213
-210.57920056954777
-211.669851069282
-212.76288326272402
-213.85829298124236
-214.95607605759847
-216.05622832596896
-217.15874562196996
-218.26362378267845
-219.37085864665596
-220.48044605396876
-221.59238184621108
-222.7066618665258
-223.8232819596251
-224.94223797181098
-226.06352575099686
-227.1871411467257
-228.31308001019102
-229.44133819425565
-230.5719115534705
-231.7047959440938
-232.8399872241091
-233.9774812532437
-235.1172738929854
-236.25936100660147
-237.4037384591545
-238.55040211751975
-239.6993478504014
-240.85057152834906
-242.0040690237738
-243.15983621096348
-244.31786896609765
-245.47816316726403
-246.64071469447117
-247.8055194296653
-248.9725732567424
-250.14187206156316
-251.31341173196688
-252.48718815778352
-253.66319723084825
-254.84143484501328
-256.02189689616057
-257.20457928221435
-258.38947790315297
-259.57658866101997
-260.76590745993667
-261.9574302061126
-263.1511528078563
-264.3470711755865
-265.5451812218421
-266.7454788612922
-267.947960010747
-269.15262058916596
-270.35945651766815
-271.5684637195411
-272.77963812024973
-273.99297564744484
-275.2084722309721
-276.42612380287915
-277.6459262974247
-278.8678756510851
-280.09196780256275
-281.31819869279275
-282.5465642649499
-283.77706046445564
-285.0096832389845
-286.2444285384704
-287.48129231511257
-288.7202705233815
-289.9613591200248
-291.2045540640722
-292.4498513168405
-293.69724684193966
-294.9467366052759
-296.19831657505756
-297.45198272179914
-298.7077310183247
-299.9655574397723
-301.22545796359805
-302.4874285695787
-303.7514652398154
-305.01756395873645
-306.285720713101
-307.55593149200035
-308.8281922868616
-310.1024990914491
-311.37884790186695
-312.6572347165609
-313.93765553631897
-315.2201063642749
-316.50458320590724
-317.791082069042
-319.0795989638525
-320.37012990286075
-321.6626709009381
-322.9572179753043
-324.2537671455291
-325.5523144335316
-326.8528558635792
-328.1553874622891
-329.45990525862544
-330.76640528390044
-332.07488357177203
-333.3853361582435
-334.69775908166207
-336.012148382717
-337.32850010443804
-338.64681029219423
-339.96707499369063
-341.2892902589674
-342.6134521403967
-343.93955669268007
-345.267599972846
-346.5975780402473
-347.9294869565574
-349.2633227857675
-350.5990815941832
-351.9367594504208
-353.27635242540396
-354.617856592359
-355.9612680268117
-357.30658280658304
-358.6537970117838
-360.0029067248115
-361.3539080303444
-362.706797015338
-364.0615697690182
-365.41822238287796
-366.77675095067116
-368.1371515684068
-369.49942033434377
-370.8635533489851
-372.2295467150718
-373.59739653757674
-374.9670989236988
-376.3386499828555
-377.7120458266777
-379.08728256900145
-380.4643563258628
-381.84326321548906
-383.22399935829253
-384.6065608768631
-385.99094389596075
-387.3771445425075
-388.7651589455804
-390.1549832364028
-391.5466135483364
-392.94004601687357
-394.33527677962843
-395.7323019763285
-397.13111774880554
-398.5317202409874
-399.9341055988891
-401.3382699706028
-402.7442095062893
-404.1519203581681
-405.5613986805083
-406.97264062961835
-408.3856423638367
-409.8004000435212
-411.2169098310392
-412.63516789075766
-414.05517038903145
-415.47691349419415
-416.90039337654616
-418.32560620834397
-419.75254816379015
-421.18121541901996
-422.61160415209247
-424.04371054297667
-425.4775307735415
-426.91306102754334
-428.3502974906137
-429.78923635024717
-431.2298737957901
-432.6722060184261
-434.11622921116555
-435.56193956883135
-437.0093332880465
-438.4584065672209
-439.9091556065382
-441.36157660794174
-442.8156657751217
-444.27141931350116
-445.72883343022136
-447.1879043341289
-448.6486282357598
-450.1110013473269
-451.57501988270315
-453.0406800574083
-454.5079780885933
-455.9769101950251
-457.44747259707106
-458.9196615166841
-460.3934731773852
-461.8689038042494
-463.3459496238886
-464.8246068644348
-466.3048717555241
-467.78674052827955
-469.27020941529395
-470.7552746506133
-472.24193246971754
-473.7301791095049
-475.22001080827226
-476.7114238056977
-478.2044143428211
-479.69897866202655
-481.195113007022
-482.69281362282027
-484.19207675572034
-485.6928986532855
-487.19527556432445
-488.69920373887044
-490.2046794281598
-491.71169888461077
-493.2202583618018
-494.7303541144504
-496.2419823983887
-497.75513947054264
-499.269821588907
-500.78602501252294
-502.3037460014532
-503.8229808167571
-505.34372572046595
-506.86597697555703
-508.3897308459275
-509.9149835963676
-511.44173149253265
-512.9699708009164
-514.4996977888204
-516.0309087243268
-517.5635998762662
-519.0977675141885
-520.6334079083308
-522.1705173295845
-523.7090920494627
-525.2491283400659
-526.7906224740468
-528.3335707245744
-529.8779693652973
-531.4238146703046
-532.9711029140879
-534.5198303715001
-536.0699933177139
-537.6215880281788
-539.1746107785775
-540.7290578447787
-542.2849255027918
-543.8422100287162
-545.4009076986929
-546.9610147888507
-548.522527575253
-550.0854423338426
-551.6497553403829
-553.2154628703984
-554.7825611991136
-556.3510466013877
-557.9209153516481
-559.4921637238219
-561.064787991264
-562.6387844266822
-564.2141493020608
-565.7908788885795
-567.3689694565307
-568.9484172752325
-570.5292186129388
-572.1113697367457
-573.6948669124941
-575.2797064046692
-576.8658844762939
-578.4533973888202
-580.0422414020156
-581.6324127738434
-583.22390776034
-584.8167226154868
-586.4108535910757
-588.0062969365705
-589.6030488989619
-591.2011057226165
-592.8004636491203
-594.4011189171147
-596.0030677621265
-597.6063064163912
-599.2108311086682
-600.8166380640487
-602.4237235037564
-604.0320836449393
-605.6417147004538
-607.2526128786384
-608.864774383081
-610.4781954123738
-612.0928721598607
-613.7088008133733
-615.3259775549567
-616.9443985605848
-618.5640599998633
-620.1849580357226
-621.8070888240974
-623.4304485135938
-625.0550332451451
-626.6808391516523
-628.3078623576125
-629.9360989787322
-631.5655451215266
-633.1961968829042
-634.8280503497351
-636.4611015984041
-638.0953466943477
-639.7307816915738
-641.3674026321654
-643.0052055457646
-644.6441864490414
-646.2843413451417
-647.9256662231176
-649.5681570573386
-651.2118098068822
-652.8566204149059
-654.5025848079972
-656.1496988955041
-657.7979585688436
-659.4473597007898
-661.097898144739
-662.7495697339541
-664.4023702807862
-666.0562955758734
-667.711341387318
-669.3675034598403
-671.0247775139103
-672.6831592448555
-674.3426443219474
-676.0032283874649
-677.6649070557347
-679.32767591215
-680.9915305121672
-682.6564663802818
-684.3224790089818
-685.989563857682
-687.6577163516386
-689.3269318808437
-690.9972057989036
-692.6685334218982
-694.3409100272271
-696.014330852439
-697.68879109405
-699.3642859063494
-701.0408104001978
-702.7183596418158
-704.3969286515699
-706.0765124027535
-707.7571058203702
-709.4387037799179
-711.1213011061802
-712.8048925720273
-714.489472897228
-716.1750367472815
-717.8615787322675
-719.5490934057236
-721.237575263552
-722.9270187429619
-724.617418221452
-726.3087680158408
-728.0010623813471
-729.694295510731
-731.3884615334995
-733.0835545151846
-734.7795684567013
-736.4764972937926
-738.17433489657
-739.8730750691583
-741.5727115494516
-743.2732380089915
-744.9746480529751
-746.6769352204032
-748.3800929843771
-750.0841147525562
-751.7889938677832
-753.4947236088909
-755.2012971916963
-756.9087077701969
-758.616948437976
-760.3260122298295
-762.0358921236221
-763.7465810423852
-765.4580718566641
-767.1703573871251
-768.8834304074303
-770.597283647389
-772.3119097963933
-774.027301507145
-775.7434513996801
-777.4603520656941
-779.1779960731765
-780.8963759713535
-782.6154842959431
-784.3353135747224
-786.0558563334062
-787.7771051018342
-789.4990524204644
-791.2216908471637
-792.9450129642913
-794.669011386064
-796.393678766191
-798.1190078057672
-799.8449912614069
-801.5716219536032
-803.2988927752898
-805.0267967005882
-806.7553267937125
-808.4844762180086
-810.2142382451004
-811.9446062641122
-813.6755737909377
-815.4071344775234
-817.1392821211311
-818.8720106735469
-820.605314250198
-822.3391871391435
-824.0736238099
-825.8086189220655
-827.5441673337039
-829.2802641094537
-831.0169045283243
-832.7540840911429
-834.4917985276203
-836.2300438030005
-837.968816124264
-839.7081119458561
-841.4479279749121
-843.1882611759565
-844.9291087750547
-846.6704682633975
-848.4123374003046
-850.154714215634
-851.8975970115896
-853.64098436392
-855.38487512251
-857.1292684113635
-858.8741636279839
-860.6195604421632
-862.3654587941887
-864.1118588924844
-865.858761210705
-867.6061664843048
-869.3540757066041
-871.1024901243799
-872.85141123301
-874.6008407712012
-876.3507807153318
-878.1012332734447
-879.8522008789237
-881.6036861838886
-883.3556920523455
-885.1082215531275
-886.8612779526621
-888.6148647076011
-890.3689854573468
-892.1236440165102
-893.8788443673325
-895.6345906521035
-897.3908871656055
-899.1477383476132
-900.9051487754754
-902.6631231568047
-904.4216663222987
-906.1807832187136
-907.94047890201
-909.7007585306894
-911.4616273593358
-913.2230907323761
-914.9851540780721
-916.7478229027524
-918.5111027852931
-920.274999371853
-922.0395183708677
-923.8046655483055
-925.5704467231873
-927.3368677633686
-929.1039345815834
-930.8716531317481
-932.6400294055197
-934.4090694291058
-936.1787792603188
-937.9491649858707
-939.7202327188979
-941.4919885967123
-943.2644387787673
-945.0375894448326
-946.8114467933684
-948.5860170400892
-950.3613064167092
-952.1373211698599
-953.9140675601695
-955.6915518614978
-957.469780360313
-959.2487593552066
-961.0284951565332
-962.8089940861693
-964.5902624773823
-966.3723066748003
-968.1551330344766
-969.9387479240409
-971.7231577229289
-973.5083688226863
-975.2943876273366
-977.0812205538115
-978.8688740324326
-980.6573545074451
-982.4466684375923
-984.2368222967308
-986.0278225744797
-987.8196757769006
-989.6123884272029
-991.405967066474
-993.2004182544288
-994.9957485701754
-996.7919646129966
-998.5890730031426
-1000.3870803826337
-1002.1859934160713
-1003.985818791454
-1005.786563221001
-1007.5882334419758
-1009.3908362175152
-1011.1943783374574
-1012.9988666191721
-1014.80430790839
-1016.6107090800323
-1018.4180770390378
-1020.2264187211911
-1022.0357410939461
-1023.8460511572514
-1025.6573559443711
-1027.4696625227064
-1029.2829779946132
-1031.0973094982214
-1032.912664208251
-1034.729049336827
-1036.546472134297
-1038.3649398900448
-1040.1844599333065
-1042.005039633987
-1043.826686403478
-1045.649407695475
-1047.4732110068007
-1049.2981038782268
-1051.1240938953006
-1052.9511886891762
-1054.7793959374467
-1056.6087233649832
-1058.439178744779
-1060.270769898796
-1062.103504698823
-1063.9373910673332
-1065.7724369783555
-1067.6086504583482
-1069.4460395870838
-1071.2846124985408
-1073.1243773818048
-1074.9653424819799
-1076.8075161011084
-1078.6509065991022
-1080.4955223946854
-1082.3413719663463
-1084.188463853304
-1086.0368066564863
-1087.8864090395189
-1089.7372797297303
-1091.5894275191688
-1093.4428612656357
-1095.2975898937304
-1097.153622395914
-1099.0109678335862
-1100.8696353381793
-1102.7296341122692
-1104.5909734307043
-1106.4536626417496
-1108.317711168252
-1110.1831285088228
-1112.0499242390404
-1113.918108012671
-1115.7876895629124
-1117.6586787036574
-1119.5310853307776
-1121.404919423432
-1123.2801910453954
-1125.1569103464126
-1127.0350875635745
-1128.914733022721
-1130.7958571398667
-1132.6784704226532
-1134.5625834718298
-1136.4482069827595
-1138.3353517469527
-1140.2240286536305
-1142.1142486913186
-1144.0060229494686
-1145.8993626201127
-1147.7942789995495
-1149.690783490062
-1151.588887601669
-1153.4886029539136
-1155.3899412776825
-1157.2929144170657
-1159.1975343312513
-1161.103813096459
-1163.0117629079136
-1164.9213960818577
-1166.8327250576071
-1168.7457623996481
-1170.6605207997786
-1172.5770130792944
-1174.4952521912217
-1176.415251222597
-1178.3370233967962
-1180.2605820759134
-1182.1859407631914
-1184.113113105506
-1186.0421128959038
-1187.9729540761969
-1189.9056507396149
-1191.8402171335179
-1193.7766676621668
-1195.715016889562
-1197.6552795423422
-1199.5974705127512
-1201.5416048616755
-1203.4876978217499
-1205.4357648005368
-1207.385821383781
-1209.3378833387412
-1211.2919666176017
-1213.2480873609647
-1215.20626190143
-1217.1665067672589
-1219.128838686129
-1221.0932745889834
-1223.0598316139728
-1225.0285271104985
-1226.9993786433556
-1228.9724039969828
-1230.9476211798194
-1232.9250484287745
-1234.9047042138131
-1236.8866072426595
-1238.8707764656258
-1240.8572310805675
-1242.845990537971
-1244.8370745461752
-1246.8305030767383
-1248.8262963699458
-1250.8244749404712
-1252.8250595831937
-1254.8280713791742
-1256.8335317017998
-1258.8414622231028
-1260.8518849202555
-1262.8648220822522
-1264.8802963167834
-1266.8983305573079
-1268.9189480703321
-1270.9421724629037
-1272.9680276903246
-1274.9965380640976
-1277.0277282601094
-1279.0616233270619
-1281.0982486951607
-1283.1376301850723
-1285.179794017156
-1287.2247668209861
-1289.2725756451755
-1291.323247967506
-1293.3768117053876
-1295.4332952266527
-1297.4927273607013
-1299.5551374100119
-1301.6205551620321
-1303.6890109014666
-1305.760535422976
-1307.835160044308
-1309.9129166198752
-1311.9938375548031
-1314.0779558194638
-1316.165304964521
-1318.2559191365076
-1320.3498330939562
-1322.4470822241144
-1324.547702560264
-1326.6517307996774
-1328.759204322236
-1330.870161209746
-1332.9846402659805
-1335.1026810374856
-1337.224323835184
-1339.3496097568159
-1341.4785807102621
-1343.611279437783
-1345.7477495412325
-1347.8880355082797
-1350.032182739712
-1352.1802375778407
-1354.3322473361184
-1356.4882603299543
-1358.6483259089068
-1360.8124944901508
-1362.980817593559
-1365.153347878069
-1367.3301391800487
-1369.5112465527855
-1371.6967263086747
-1373.8866360619525
-1376.081034775517
-1378.2799828067502
-1380.4835419603394
-1382.6917755363543
-1384.904748391611
-1387.1225269876136
-1389.3451794654889
-1391.5727756879521
-1393.8053873381407
-1396.0430879422465
-1398.2859530138185
-1400.5340600276345
-1402.787488654692
-1405.046320624
-1407.310640142784
-1409.5805335123255
-1411.8560899296108
-1414.13740057832
-1416.4245602155881
-1418.7176651648147
-1421.01681650934
-1423.3221158234164
-1425.6336716272872
-1427.951590523821
-1430.2759902071937
-1432.6069813878187
-1434.9446938269803
-1437.2892400239577
-1439.6407668440313
-1441.999383547187
-1444.365263103305
-1446.738501374014
-1449.1193137090884
-1451.5077628853278
-1453.9041361213187
-1456.3084260422597
-1458.7210449316622
-1461.1418470201547
-1463.5714648084956
-1466.009490885498
-1468.4569462885042
-1470.9129432739367
-1473.3791853534904
-1475.8539229304215
-1478.3400480837681
-1480.8342948495354
-1483.3416021426874
-1485.8560836294932
-1488.3861574343991
-1490.9214865906845
-1493.4763189948435
-1496.0328863440393
-1498.6150560233377
-1501.1928630810787
-1503.8057919454104
-1506.4042083352772
-1509.0525215708135
-1511.6699450181559
-1514.3599629616856
-1516.9933640955257
-1519.7337540308054
-1522.3780973267944
-1525.1807081688596
-1527.828258482271
-1530.7091513405617
-1533.3487011068257
-1536.3293788396304
-1538.9454549645993
-1542.054300520143
-1544.626409254972
-1547.9004041185144
-1550.40230646206
-1553.8892931898263
-1556.2881147959101
-1560.0503446901255
-1562.3049218324622
-1566.4257730651457
-1568.4827734492444
-1573.0816531999756
-1574.8656833227437
-1580.1374048236626
-1581.5224013260668
-1587.8824076271783
-1588.5755548077382
-Infinity
-1596.317956829554
