-276.5657250434182
-Infinity
-270.5742604963102
-269.88111331575027
-265.25369252082737
-263.8747601561485
-260.28878119185157
-258.53939144184017
-255.54213530473814
-253.5785279601302
-250.94275763561774
-248.86728549403335
-246.45574494103715
-244.33636011219494
-242.06500104934722
-239.94271400887902
-237.76190428036068
-235.65820766730076
-233.53970341843205
-231.46384098446552
-229.3917923443426
-227.34633627046549
-225.31163339613516
-223.29600054625197
-221.29304350133248
-219.30540345525603
-217.33039792031272
-215.3685838507713
-213.41869345370952
-211.48058222405592
-209.55352032791714
-207.63716234446446
-205.7309943298779
-203.83463841192415
-201.94768037200635
-200.06976057346367
-198.20052160547107
-196.3396336266751
-194.48677843449798
-192.64165561310364
-190.80397729565152
-188.9734689963338
-187.1498674517899
-185.33292009556766
-183.52238380188663
-181.71802407840366
-179.9196141171724
-178.12693400038495
-176.33976992864524
-174.55791355735738
-172.78116143006267
-171.00931455203187
-169.24217812846624
-167.4795615055221
-165.72127834794748
-163.96714708737704
-162.21699166871483
-160.47064261314
-158.7279384026134
-156.988727173573
-155.25286868698254
-153.5202365194677
-151.7907203976026
-150.06422857674946
-148.34069014964982
-146.62005716062544
-144.90230640073852
-143.187440768751
-141.47549010225933
-139.76651141175887
-138.06058848520496
-136.3578308685747
-134.6583722652341
-132.96236842993534
-131.2699946589952
-129.5814429946803
-127.89691926830577
-126.21664010352785
-124.5408299902368
-122.8697185224514
-121.2035378730559
-119.54252055640609
-117.88689750871586
-116.23689649719103
-114.59274085302752
-112.95464851106632
-111.32283133011254
-109.69749466240043
-108.0788371379517
-106.46705062908401
-104.86232036151844
-103.26482514089366
-101.67473766657957
-100.09222490813406
-98.51744852329426
-96.95056529984166
-95.39172760690207
-93.84108384415845
-92.29877888003261
-90.76495447212125
-89.23974966506523
-87.72330116261091
-86.21574367191877
-84.71721021922068
-83.22783243675377
-81.74774082153957
-80.27706496705724
-78.81593376920833
-77.36447560820685
-75.9228185081756
-74.49109027630226
-73.06941862342268
-71.65793126786664
-70.25675602433469
-68.86602087947941
-67.48585405575429
-66.11638406496806
-64.75773975285236
-63.410050335817886
-62.073445430943224
-60.74805508011303
-59.434009769101635
-58.13144044228517
-56.84047851356132
-55.56125587395954
-54.293904896341104
-53.03855843751012
-51.795349837991154
-50.56441291966976
-49.34588198144232
-48.13989179297755
-46.94657758665613
-45.76607504772363
-44.598520302665634
-43.444049905793065
-42.302800824007846
-41.17491041970359
-40.06051643174544
-38.95975695446211
-37.872770414575854
-36.79969554598958
-35.740671362345154
-34.695837127262564
-33.665332322166364
-32.64929661160397
-31.647869805957328
-30.661191821449876
-29.689402637348962
-28.732642250264632
-27.791050625446616
-26.86476764498235
-25.95393305280183
-25.05868639639749
-24.179166965171362
-23.315513725327236
-22.46786525123045
-21.63635965316547
-20.821134501429412
-20.02232674670853
-19.24007263669631
-18.474507628921515
-17.72576629977118
-16.99398224970463
-16.27928800467356
-15.581814913779795
-14.9016930432212
-14.239051066598847
-13.594016151677465
-12.966713843719049
-12.357267945530907
-11.76580039439824
-11.1924311360969
-10.637277996212788
-10.100456549020805
-9.582079984209315
-9.082258971763054
-8.60110152535026
-8.138712864589138
-7.695195276597133
-7.270647977256772
-6.865166972657448
-6.478844921199027
-6.111770996865459
-5.7640307541984726
-5.435705995516855
-5.12687464094364
-4.837610601811889
-4.567983658025923
-4.318059339957699
-4.087898815453286
-3.8775587825168714
-3.6870913682255946
-3.516544034409776
-3.3659594906093275
-3.2353756147865056
-3.124825382241056
-3.0343368031350906
-2.963932868988934
-2.9136315084632542
-2.8834455526891816
-2.8733827103533827
-2.8834455526891816
-2.9136315084632542
-2.963932868988934
-3.0343368031350906
-3.124825382241056
-3.2353756147865056
-3.3659594906093275
-3.516544034409776
-3.6870913682255946
-3.8775587825168714
-4.087898815453286
-4.318059339957699
-4.567983658025923
-4.837610601811889
-5.12687464094364
-5.435705995516855
-5.7640307541984726
-6.111770996865459
-6.478844921199027
-6.865166972657448
-7.270647977256772
-7.695195276597133
-8.138712864589138
-8.60110152535026
-9.082258971763054
-9.582079984209315
-10.100456549020805
-10.637277996212788
-11.1924311360969
-11.76580039439824
-12.357267945530907
-12.966713843719049
-13.594016151677465
-14.239051066598847
-14.9016930432212
-15.581814913779795
-16.27928800467356
-16.99398224970463
-17.72576629977118
-18.474507628921515
-19.24007263669631
-20.02232674670853
-20.821134501429412
-21.63635965316547
-22.46786525123045
-23.315513725327236
-24.179166965171362
-25.05868639639749
-25.95393305280183
-26.86476764498235
-27.791050625446616
-28.732642250264632
-29.689402637348962
-30.661191821449876
-31.647869805957328
-32.64929661160397
-33.665332322166364
-34.695837127262564
-35.740671362345154
-36.79969554598958
-37.872770414575854
-38.95975695446211
-40.06051643174544
-41.17491041970359
-42.302800824007846
-43.444049905793065
-44.598520302665634
-45.76607504772363
-46.94657758665613
-48.13989179297755
-49.34588198144232
-50.56441291966976
-51.795349837991154
-53.03855843751012
-54.293904896341104
-55.56125587395954
-56.84047851356132
-58.13144044228517
-59.434009769101635
-60.74805508011303
-62.073445430943224
-63.410050335817886
-64.75773975285236
-66.11638406496806
-67.48585405575429
-68.86602087947941
-70.25675602433469
-71.65793126786664
-73.06941862342268
-74.49109027630226
-75.9228185081756
-77.36447560820685
-78.81593376920833
-80.27706496705724
-81.74774082153957
-83.22783243675377
-84.71721021922068
-86.21574367191877
-87.72330116261091
-89.23974966506523
-90.76495447212125
-92.29877888003261
-93.84108384415845
-95.39172760690207
-96.95056529984166
-98.51744852329426
-100.09222490813406
-101.67473766657957
-103.26482514089366
-104.86232036151844
-106.46705062908401
-108.0788371379517
-109.69749466240043
-111.32283133011254
-112.95464851106632
-114.59274085302752
-116.23689649719103
-117.88689750871586
-119.54252055640609
-121.2035378730559
-122.8697185224514
-124.5408299902368
-126.21664010352785
-127.89691926830577
-129.5814429946803
-131.2699946589952
-132.96236842993534
-134.6583722652341
-136.3578308685747
-138.06058848520496
-139.76651141175887
-141.47549010225933
-143.187440768751
-144.90230640073852
-146.62005716062544
-148.34069014964982
-150.06422857674946
-151.7907203976026
-153.5202365194677
-155.25286868698254
-156.988727173573
-158.7279384026134
-160.47064261314
-162.21699166871483
-163.96714708737704
-165.72127834794748
-167.4795615055221
-169.24217812846624
-171.00931455203187
-172.78116143006267
-174.55791355735738
-176.33976992864524
-178.12693400038495
-179.9196141171724
-181.71802407840366
-183.52238380188663
-185.33292009556766
-187.1498674517899
-188.9734689963338
-190.80397729565152
-192.64165561310364
-194.48677843449798
-196.3396336266751
-198.20052160547107
-200.06976057346367
-201.94768037200635
-203.83463841192415
-205.7309943298779
-207.63716234446446
-209.55352032791714
-211.48058222405592
-213.41869345370952
-215.3685838507713
-217.33039792031272
-219.30540345525603
-221.29304350133248
-223.29600054625197
-225.31163339613516
-227.34633627046549
-229.3917923443426
-231.46384098446552
-233.53970341843205
-235.65820766730076
-237.76190428036068
-239.94271400887902
-242.06500104934722
-244.33636011219494
-246.45574494103715
-248.86728549403335
-250.94275763561774
-253.5785279601302
-255.54213530473814
-258.53939144184017
-260.28878119185157
-263.8747601561485
-265.25369252082737
-269.88111331575027
-270.5742604963102
-Infinity
-276.5657250434182
