-709.0895657128241
-Infinity
-702.1580939072246
-701.4649467266646
-695.9110186186649
-694.5276326454409
-690.0493254281695
-688.2747284583611
-684.4452810791431
-682.4148376166745
-679.0272110671011
-676.8267568652179
-673.7510564297309
-671.4429889493159
-668.5893518939356
-666.2203669084698
-663.5250680456779
-661.1290889705027
-658.5473786074418
-656.1476415226758
-653.648789108457
-651.2600587588945
-648.8234291167794
-646.4542538455626
-644.0662010329147
-641.7209094367087
-639.3724392110738
-637.0527018864993
-634.7378132308751
-632.4437489108204
-630.1583193160773
-627.8892172927191
-625.6302874122525
-623.3850472006108
-621.1503788403344
-618.9277602752128
-616.7155709650643
-614.5143263261505
-612.323132684125
-610.1420699862853
-607.970595590562
-605.8086041150298
-603.6557245327631
-601.5117809913093
-599.3764898265151
-597.2496554200627
-595.1310422029949
-593.020455977942
-590.917690818221
-588.8225619888572
-586.734884228903
-584.6544846770563
-582.5811940450966
-580.5148514736801
-578.4553009077513
-576.4023927776027
-574.3559824450535
-572.3159306740276
-570.2821028969186
-568.2543692444899
-566.2326041413326
-564.216686188913
-562.2064978995609
-560.2019255410967
-558.2028589355184
-556.2091913031547
-554.2208190968652
-552.2376418576181
-550.2595620719385
-548.2864850415485
-546.3183187582462
-544.3549737871638
-542.3963631557974
-540.4424022495668
-538.4930087127992
-536.548102355147
-534.6076050628669
-532.6714407147605
-530.7395351024047
-528.811815854439
-526.8882123646274
-524.9686557234721
-523.0530786531525
-521.1414154455878
-519.2336019034327
-517.3295752838296
-515.4292742447526
-513.5326387937885
-511.63961023921297
-509.75013114322485
-507.8641452772136
-505.9815975789396
-504.1024341115167
-502.22660202408895
-500.35404951410345
-498.48472579108113
-496.61858104179737
-494.7555663967835
-492.89563389806733
-491.0387364680722
-489.1848278795982
-487.3338627268107
-485.485796397166
-483.6405850442028
-481.7981855611352
-479.95855555517994
-478.1216533225586
-476.28743782411243
-474.45586866147573
-472.6269060537527
-470.8005108146487
-468.9766443300116
-467.1552685357416
-465.33634589603673
-463.519839381947
-461.70571245021785
-459.89392902241343
-458.08445346432234
-456.2772505656578
-454.47228552008175
-452.6695239055938
-450.8689316653478
-449.07047508897375
-447.274120794505
-445.47983571103407
-443.6875870622416
-441.89734235096995
-440.1090693450375
-438.32273606451764
-436.53831077073175
-434.75576195723295
-432.9750583430821
-431.1961688687424
-429.41906269493944
-427.6437092048512
-425.8700780100071
-424.0981389602836
-422.3278621583831
-420.5592179791793
-418.7921770942974
-417.02671050226957
-415.2627895645746
-413.5003860478205
-411.73947217226964
-409.9800206668341
-408.2220048305823
-406.465398600702
-404.71017662675195
-402.95631435091866
-401.20378809386074
-399.4525751455927
-397.70265386071753
-395.9540037571816
-394.2066056175865
-392.46044159196805
-390.71549530083564
-388.97175193716555
-387.2291983659657
-385.4878232199754
-383.7476169900384
-382.008572108697
-380.27068302559167
-378.53394627332824
-376.7983605225811
-375.06392662534165
-373.3306476453914
-371.59852887527626
-369.8675778392718
-368.1378042820652
-366.4092201431153
-364.68183951689593
-362.9556785994632
-361.23075562201126
-359.5070907722875
-357.78470610492064
-356.0636254418698
-354.3438742643258
-352.6254795974867
-350.9084698896864
-349.1928748873757
-347.47872550744705
-345.76605370835426
-344.0548923614111
-342.3452751235649
-340.63723631283136
-338.9308107874564
-337.2260338297362
-335.52294103529033
-333.8215682084412
-332.12195126421494
-330.4241261373451
-328.7281286985334
-327.03399467810385
-325.34175959708074
-323.65145870562355
-321.9631269286713
-320.2767988185748
-318.5925085144393
-316.9102897078516
-315.2301756146275
-313.55219895219415
-311.8763919221986
-310.2027861979299
-308.5314129161376
-306.86230267283366
-305.1954855226754
-303.53099098153825
-301.8688480319058
-300.2090851307223
-298.55173021937287
-296.8968107354814
-295.2443536262354
-293.5943853629726
-291.94693195678445
-290.30201897491605
-288.6596715577619
-287.0199144362781
-285.382771949651
-283.74826806308084
-282.11642638555605
-280.48727018750964
-278.86082241826483
-277.23710572318913
-275.61614246049004
-273.99795471759563
-272.3825643270742
-270.76999288205616
-269.1602617511294
-267.5533920926863
-265.94940486870854
-264.34832085797933
-262.75016066871956
-261.15494475064776
-259.5626934064679
-257.97342680279144
-256.3871649805046
-254.80392786459163
-253.22373527342893
-251.64660692756507
-250.07256245800363
-248.5016214140062
-246.93380327043434
-245.3691274346487
-243.80761325298522
-242.24928001682673
-240.6941469682896
-239.14223330554466
-237.59355818779102
-236.04814073990053
-234.5060000567526
-232.96715520727497
-231.43162523820865
-229.89942917761363
-228.37058603812977
-226.84511482001
-225.32303451393898
-223.8043641036515
-222.28912256836435
-220.77732888503368
-219.26900203044977
-217.7641609831815
-216.2628247253797
-214.7650122444507
-213.2707425346091
-211.78003459831848
-210.29290744762847
-208.80938010541678
-207.3294716065417
-205.8532009989139
-204.38058734449226
-202.91164972021073
-201.44640721884042
-199.9848789497937
-198.52708403987282
-197.07304163396952
-195.62277089571774
-194.17629100810427
-192.73362117403997
-191.29478061689554
-189.85978858100293
-188.4286643321268
-187.00142715790776
-185.57809636827824
-184.15869129585496
-182.7432312963084
-181.33173574871068
-179.924224055865
-178.52071564461505
-177.12122996613857
-175.72578649622358
-174.33440473553014
-172.947104209837
-171.5639044702741
-170.1848250935434
-168.80988568212513
-167.43910586447294
-166.07250529519774
-164.71010365523875
-163.35192065202511
-161.9979760196254
-160.64828951888728
-159.30288093756656
-157.96177009044595
-156.62497681944342
-155.2925209937115
-153.96442250972495
-152.64070129135962
-151.32137728996122
-150.00647048440362
-148.69600088113725
-147.38998851422764
-146.08845344538383
-144.79141576397626
-143.49889558704433
-142.21091305929383
-140.92748835308396
-139.64864166840277
-138.37439323283309
-137.10476330150664
-135.83977215704738
-134.57944010950303
-133.32378749626673
-132.0728346819851
-130.82660205845593
-129.5851100445136
-128.34837908590225
-127.11642965513624
-125.88928225134941
-124.66695740012972
-123.44947565334246
-122.23685758893964
-121.02912381075635
-119.82629494829268
-118.62839165648302
-117.43543461545028
-116.2474445302463
-115.06444213057762
-113.88644817051613
-112.71348342819533
-111.54556870549038
-110.38272482768343
-109.22497264311244
-108.07233302280451
-106.92482686009191
-105.78247507021274
-104.64529858989317
-103.51331837691362
-102.38655540965703
-101.26503068663908
-100.1487652260206
-99.03778006510129
-97.93209625979534
-96.83173488408738
-95.73671702946933
-94.64706380435757
-93.56279633349072
-92.48393575730609
-91.41050323129662
-90.34251992534632
-89.28000702304462
-88.22298572097918
-87.171477228007
-86.12550276450315
-85.085083561587
-84.05024086032529
-83.02099591091303
-81.9973699718297
-80.97938430897204
-79.96706019476301
-78.96041890723552
-77.95948172909232
-76.96426994673936
-75.97480484929474
-74.99110772757149
-74.01319987303395
-73.04110257672801
-72.07483712818384
-71.11442481429265
-70.15988691815471
-69.21124471790051
-68.2685194854829
-67.33173248544199
-66.40090497364054
-65.47605819596993
-64.55721338702836
-63.644391768767605
-62.737614549110845
-61.83690292054075
-60.94227805865614
-60.05376112069848
-59.171373244047345
-58.295135544684854
-57.425069115628276
-56.561195025331585
-55.70353431605429
-54.85210800219909
-54.00693706861682
-53.16804246887864
-52.33544512351648
-51.50916591822988
-50.68922570206041
-49.875645285532755
-49.06844543876309
-48.26764688953358
-47.47327032133455
-46.68533637137193
-45.90386562854292
-45.12887863137678
-44.36039586594336
-43.59843776372736
-42.84302469946954
-42.09417698897539
-41.35191488688895
-40.6162585844354
-39.887228207129624
-39.16484381245186
-38.44912538749156
-37.740092846558355
-37.03776602876064
-36.34216469555338
-35.65330852825252
-34.97121712552041
-34.29591000081825
-33.62740657982965
-32.96572619785286
-32.31088809716471
-31.662911424354206
-31.021815227628394
-30.387618454089534
-29.76033994698537
-29.13999844293255
-28.526612569113126
-27.920200840447023
-27.320781656737836
-26.728373299797113
-26.142993930542957
-25.564661586078273
-24.99339417674696
-24.42920948316896
-23.87212515325723
-23.322158699214697
-22.77932749451486
-22.243648770865775
-21.71513961515791
-21.19381696639971
-20.679697612637938
-20.172798187868807
-19.673135168936597
-19.180724872424662
-18.695583451538027
-18.217726892979726
-17.747171013822594
-17.283931458377083
-16.828023695057595
-16.37946301324814
-15.938264520169241
-15.504443137747785
-15.078013599490532
-14.658990447364772
-14.247388028685918
-13.843220493014542
-13.446501789065223
-13.057245661627576
-12.675465648502495
-12.301175077455355
-11.934387063186364
-11.575114504322642
-11.223370080431778
-10.879166249058812
-10.542515242790387
-10.213429066345952
-9.891919493698651
-9.577998065228485
-9.27167608490879
-8.972964617527964
-8.681874485949152
-8.398416268409505
-8.122600295860025
-7.854436649349509
-7.593935157453643
-7.341105393750354
-7.095956674345302
-6.858498055447399
-6.628738330997749
-6.406686030352034
-6.192349416020761
-5.985736481466006
-5.786854948959672
-5.595712267501767
-5.412315610802921
-5.236671875331581
-5.068787678427611
-4.90866935648387
-4.756322963197135
-4.611754267891001
-4.474968753909707
-4.345971617087116
-4.2247677642898225
-4.111361812037103
-4.00575808519784
-3.907960615767024
-3.8179731417206995
-3.735799105952651
-3.6614416552920375
-3.594903639603899
-3.53618761097232
-3.4852958229687374
-3.4422302300034744
-3.4069924867634427
-3.3795839477352274
-3.360005666814345
-3.3482583970009046
-3.3443425901818955
-3.3482583970009046
-3.360005666814345
-3.3795839477352274
-3.4069924867634427
-3.4422302300034744
-3.4852958229687374
-3.53618761097232
-3.594903639603899
-3.6614416552920375
-3.735799105952651
-3.8179731417206995
-3.907960615767024
-4.00575808519784
-4.111361812037103
-4.2247677642898225
-4.345971617087116
-4.474968753909707
-4.611754267891001
-4.756322963197135
-4.90866935648387
-5.068787678427611
-5.236671875331581
-5.412315610802921
-5.595712267501767
-5.786854948959672
-5.985736481466006
-6.192349416020761
-6.406686030352034
-6.628738330997749
-6.858498055447399
-7.095956674345302
-7.341105393750354
-7.593935157453643
-7.854436649349509
-8.122600295860025
-8.398416268409505
-8.681874485949152
-8.972964617527964
-9.27167608490879
-9.577998065228485
-9.891919493698651
-10.213429066345952
-10.542515242790387
-10.879166249058812
-11.223370080431778
-11.575114504322642
-11.934387063186364
-12.301175077455355
-12.675465648502495
-13.057245661627576
-13.446501789065223
-13.843220493014542
-14.247388028685918
-14.658990447364772
-15.078013599490532
-15.504443137747785
-15.938264520169241
-16.37946301324814
-16.828023695057595
-17.283931458377083
-17.747171013822594
-18.217726892979726
-18.695583451538027
-19.180724872424662
-19.673135168936597
-20.172798187868807
-20.679697612637938
-21.19381696639971
-21.71513961515791
-22.243648770865775
-22.77932749451486
-23.322158699214697
-23.87212515325723
-24.42920948316896
-24.99339417674696
-25.564661586078273
-26.142993930542957
-26.728373299797113
-27.320781656737836
-27.920200840447023
-28.526612569113126
-29.13999844293255
-29.76033994698537
-30.387618454089534
-31.021815227628394
-31.662911424354206
-32.31088809716471
-32.96572619785286
-33.62740657982965
-34.29591000081825
-34.97121712552041
-35.65330852825252
-36.34216469555338
-37.03776602876064
-37.740092846558355
-38.44912538749156
-39.16484381245186
-39.887228207129624
-40.6162585844354
-41.35191488688895
-42.09417698897539
-42.84302469946954
-43.59843776372736
-44.36039586594336
-45.12887863137678
-45.90386562854292
-46.68533637137193
-47.47327032133455
-48.26764688953358
-49.06844543876309
-49.875645285532755
-50.68922570206041
-51.50916591822988
-52.33544512351648
-53.16804246887864
-54.00693706861682
-54.85210800219909
-55.70353431605429
-56.561195025331585
-57.425069115628276
-58.295135544684854
-59.171373244047345
-60.05376112069848
-60.94227805865614
-61.83690292054075
-62.737614549110845
-63.644391768767605
-64.55721338702836
-65.47605819596993
-66.40090497364054
-67.33173248544199
-68.2685194854829
-69.21124471790051
-70.15988691815471
-71.11442481429265
-72.07483712818384
-73.04110257672801
-74.01319987303395
-74.99110772757149
-75.97480484929474
-76.96426994673936
-77.95948172909232
-78.96041890723552
-79.96706019476301
-80.97938430897204
-81.9973699718297
-83.02099591091303
-84.05024086032529
-85.085083561587
-86.12550276450315
-87.171477228007
-88.22298572097918
-89.28000702304462
-90.34251992534632
-91.41050323129662
-92.48393575730609
-93.56279633349072
-94.64706380435757
-95.73671702946933
-96.83173488408738
-97.93209625979534
-99.03778006510129
-100.1487652260206
-101.26503068663908
-102.38655540965703
-103.51331837691362
-104.64529858989317
-105.78247507021274
-106.92482686009191
-108.07233302280451
-109.22497264311244
-110.38272482768343
-111.54556870549038
-112.71348342819533
-113.88644817051613
-115.06444213057762
-116.2474445302463
-117.43543461545028
-118.62839165648302
-119.82629494829268
-121.02912381075635
-122.23685758893964
-123.44947565334246
-124.66695740012972
-125.88928225134941
-127.11642965513624
-128.34837908590225
-129.5851100445136
-130.82660205845593
-132.0728346819851
-133.32378749626673
-134.57944010950303
-135.83977215704738
-137.10476330150664
-138.37439323283309
-139.64864166840277
-140.92748835308396
-142.21091305929383
-143.49889558704433
-144.79141576397626
-146.08845344538383
-147.38998851422764
-148.69600088113725
-150.00647048440362
-151.32137728996122
-152.64070129135962
-153.96442250972495
-155.2925209937115
-156.62497681944342
-157.96177009044595
-159.30288093756656
-160.64828951888728
-161.9979760196254
-163.35192065202511
-164.71010365523875
-166.07250529519774
-167.43910586447294
-168.80988568212513
-170.1848250935434
-171.5639044702741
-172.947104209837
-174.33440473553014
-175.72578649622358
-177.12122996613857
-178.52071564461505
-179.924224055865
-181.33173574871068
-182.7432312963084
-184.15869129585496
-185.57809636827824
-187.00142715790776
-188.4286643321268
-189.85978858100293
-191.29478061689554
-192.73362117403997
-194.17629100810427
-195.62277089571774
-197.07304163396952
-198.52708403987282
-199.9848789497937
-201.44640721884042
-202.91164972021073
-204.38058734449226
-205.8532009989139
-207.3294716065417
-208.80938010541678
-210.29290744762847
-211.78003459831848
-213.2707425346091
-214.7650122444507
-216.2628247253797
-217.7641609831815
-219.26900203044977
-220.77732888503368
-222.28912256836435
-223.8043641036515
-225.32303451393898
-226.84511482001
-228.37058603812977
-229.89942917761363
-231.43162523820865
-232.96715520727497
-234.5060000567526
-236.04814073990053
-237.59355818779102
-239.14223330554466
-240.6941469682896
-242.24928001682673
-243.80761325298522
-245.3691274346487
-246.93380327043434
-248.5016214140062
-250.07256245800363
-251.64660692756507
-253.22373527342893
-254.80392786459163
-256.3871649805046
-257.97342680279144
-259.5626934064679
-261.15494475064776
-262.75016066871956
-264.34832085797933
-265.94940486870854
-267.5533920926863
-269.1602617511294
-270.76999288205616
-272.3825643270742
-273.99795471759563
-275.61614246049004
-277.23710572318913
-278.86082241826483
-280.48727018750964
-282.11642638555605
-283.74826806308084
-285.382771949651
-287.0199144362781
-288.6596715577619
-290.30201897491605
-291.94693195678445
-293.5943853629726
-295.2443536262354
-296.8968107354814
-298.55173021937287
-300.2090851307223
-301.8688480319058
-303.53099098153825
-305.1954855226754
-306.86230267283366
-308.5314129161376
-310.2027861979299
-311.8763919221986
-313.55219895219415
-315.2301756146275
-316.9102897078516
-318.5925085144393
-320.2767988185748
-321.9631269286713
-323.65145870562355
-325.34175959708074
-327.03399467810385
-328.7281286985334
-330.4241261373451
-332.12195126421494
-333.8215682084412
-335.52294103529033
-337.2260338297362
-338.9308107874564
-340.63723631283136
-342.3452751235649
-344.0548923614111
-345.76605370835426
-347.47872550744705
-349.1928748873757
-350.9084698896864
-352.6254795974867
-354.3438742643258
-356.0636254418698
-357.78470610492064
-359.5070907722875
-361.23075562201126
-362.9556785994632
-364.68183951689593
-366.4092201431153
-368.1378042820652
-369.8675778392718
-371.59852887527626
-373.3306476453914
-375.06392662534165
-376.7983605225811
-378.53394627332824
-380.27068302559167
-382.008572108697
-383.7476169900384
-385.4878232199754
-387.2291983659657
-388.97175193716555
-390.71549530083564
-392.46044159196805
-394.2066056175865
-395.9540037571816
-397.70265386071753
-399.4525751455927
-401.20378809386074
-402.95631435091866
-404.71017662675195
-406.465398600702
-408.2220048305823
-409.9800206668341
-411.73947217226964
-413.5003860478205
-415.2627895645746
-417.02671050226957
-418.7921770942974
-420.5592179791793
-422.3278621583831
-424.0981389602836
-425.8700780100071
-427.6437092048512
-429.41906269493944
-431.1961688687424
-432.9750583430821
-434.75576195723295
-436.53831077073175
-438.32273606451764
-440.1090693450375
-441.89734235096995
-443.6875870622416
-445.47983571103407
-447.274120794505
-449.07047508897375
-450.8689316653478
-452.6695239055938
-454.47228552008175
-456.2772505656578
-458.08445346432234
-459.89392902241343
-461.70571245021785
-463.519839381947
-465.33634589603673
-467.1552685357416
-468.9766443300116
-470.8005108146487
-472.6269060537527
-474.45586866147573
-476.28743782411243
-478.1216533225586
-479.95855555517994
-481.7981855611352
-483.6405850442028
-485.485796397166
-487.3338627268107
-489.1848278795982
-491.0387364680722
-492.89563389806733
-494.7555663967835
-496.61858104179737
-498.48472579108113
-500.35404951410345
-502.22660202408895
-504.1024341115167
-505.9815975789396
-507.8641452772136
-509.75013114322485
-511.63961023921297
-513.5326387937885
-515.4292742447526
-517.3295752838296
-519.2336019034327
-521.1414154455878
-523.0530786531525
-524.9686557234721
-526.8882123646274
-528.811815854439
-530.7395351024047
-532.6714407147605
-534.6076050628669
-536.548102355147
-538.4930087127992
-540.4424022495668
-542.3963631557974
-544.3549737871638
-546.3183187582462
-548.2864850415485
-550.2595620719385
-552.2376418576181
-554.2208190968652
-556.2091913031547
-558.2028589355184
-560.2019255410967
-562.2064978995609
-564.216686188913
-566.2326041413326
-568.2543692444899
-570.2821028969186
-572.3159306740276
-574.3559824450535
-576.4023927776027
-578.4553009077513
-580.5148514736801
-582.5811940450966
-584.6544846770563
-586.734884228903
-588.8225619888572
-590.917690818221
-593.020455977942
-595.1310422029949
-597.2496554200627
-599.3764898265151
-601.5117809913093
-603.6557245327631
-605.8086041150298
-607.970595590562
-610.1420699862853
-612.323132684125
-614.5143263261505
-616.7155709650643
-618.9277602752128
-621.1503788403344
-623.3850472006108
-625.6302874122525
-627.8892172927191
-630.1583193160773
-632.4437489108204
-634.7378132308751
-637.0527018864993
-639.3724392110738
-641.7209094367087
-644.0662010329147
-646.4542538455626
-648.8234291167794
-651.2600587588945
-653.648789108457
-656.1476415226758
-658.5473786074418
-661.1290889705027
-663.5250680456779
-666.2203669084698
-668.5893518939356
-671.4429889493159
-673.7510564297309
-676.8267568652179
-679.0272110671011
-682.4148376166745
-684.4452810791431
-688.2747284583611
-690.0493254281695
-694.5276326454409
-695.9110186186649
-701.4649467266646
-702.1580939072246
-Infinity
-709.0895657128241
