-1108.3423417153524
-Infinity
-1100.9645828071248
-1100.2714356265647
-1094.2743618406923
-1092.8899337320581
-1087.9766563750911
-1086.1959752550367
-1081.946927237608
-1079.8994574908427
-1076.1151328336666
-1073.880301020521
-1070.436860095258
-1068.0718720282468
-1064.8826087401403
-1062.4315339861453
-1059.4325487306278
-1056.9296513680658
-1054.0732638900317
-1051.5445357568758
-1048.795450722443
-1046.259778447432
-1043.592295716012
-1041.0626841188814
-1038.458417782638
-1035.9432665800214
-1033.389249955502
-1030.8935585697318
-1028.3807186062436
-1025.9071141422824
-1023.4290969378649
-1020.9786403768718
-1018.5309462409739
-1016.103722344485
-1013.6830937250149
-1011.27861805827
-1008.8826210725381
-1006.5001065117177
-1004.1268529685003
-1001.7653756657069
-999.4133425812327
-997.0719400027117
-994.7398542823779
-992.417579578851
-990.1043449131467
-987.8002944845883
-985.5049449050523
-983.2182702610485
-980.9399402146964
-978.6698511036664
-976.4077556434399
-974.1535186451473
-971.9069398000842
-969.6678747978439
-967.4361517519299
-965.2116276125944
-962.9941492832913
-960.7835794337855
-958.5797786170274
-956.3826168456533
-954.1919654316482
-952.0077020478218
-949.829707007096
-947.6578653936251
-945.4920653448605
-943.3321988896355
-941.1781611255946
-939.0298504999226
-936.8871683858232
-934.7500191308445
-932.6183098126843
-930.4919501959721
-928.3708525710332
-926.2549316788115
-924.144104590486
-922.0382906250316
-919.93741125116
-917.8413900070493
-915.7501524162343
-913.6636259128111
-911.5817397672608
-909.5044250179313
-907.4316144046618
-905.3632423063902
-903.2992446812839
-901.2395590099991
-899.1841242414208
-897.1328807410249
-895.0857702415385
-893.0427357958748
-891.0037217321495
-888.9686736107051
-886.9375381830068
-884.9102633523248
-882.8867981360984
-880.867092629897
-878.8510979728924
-876.8387663147641
-874.8300507839656
-872.8249054572784
-870.8232853305951
-868.8251462908627
-866.8304450891357
-864.8391393146796
-862.8511873700778
-860.8665484472892
-858.8851825046163
-856.9070502445369
-854.9321130923612
-852.9603331756748
-850.9916733045327
-849.0260969523695
-847.0635682375922
-845.1040519058292
-843.1475133128004
-841.1939184077869
-839.2432337176693
-837.2954263315148
-835.3504638856843
-833.4083145494424
-831.4689470110451
-829.5323304642877
-827.5984345954932
-825.6672295709212
-823.7386860245838
-821.812775046448
-819.8894681710116
-817.9687373662368
-816.0505550228272
-814.1348939438344
-812.2217273345824
-810.3110287928957
-808.4027722996207
-806.4969322094285
-804.5934832418886
-802.6924004728032
-800.7936593257909
-798.8972355641133
-797.0031052827319
-795.1112449005898
-793.2216311531074
-791.3342410848859
-789.4490520426098
-787.5660416681405
-785.6851878917972
-783.8064689258126
-781.9298632579623
-780.055349645359
-778.1829071084042
-776.3125149248938
-774.4441526242708
-772.577799982019
-770.713437014193
-768.8510439720785
-766.9906013369786
-765.1320898151198
-763.2754903326743
-761.4207840308917
-759.5679522613372
-757.7169765812308
-755.8678387488831
-754.0205207192214
-752.1750046394052
-750.3312728445231
-748.4893078533679
-746.6490923642862
-744.8106092510974
-742.9738415590773
-741.1387725010029
-739.3053854532544
-737.4736639519681
-735.6435916892387
-733.8151525093656
-731.9883304051389
-730.1631095141618
-728.339474115206
-726.5174086245958
-724.6968975926171
-722.8779256999503
-721.0604777541212
-719.24453868597
-717.4300935461349
-715.6171275015486
-713.8056258319461
-711.995573926386
-710.1869572797796
-708.3797614894347
-706.5739722516117
-704.7695753580958
-702.9665566927881
-701.1649022283216
-699.3645980227059
-697.56563021601
-695.7679850270889
-693.9716487503676
-692.1766077526911
-690.3828484702567
-688.590357405642
-686.7991211249465
-685.0091262550695
-683.2203594811406
-681.4328075441308
-679.6464572386708
-677.8612954111031
-676.0773089577999
-674.2944848237812
-672.5128100016682
-670.73227153101
-668.9528564980249
-667.1745520357968
-665.3973453249743
-663.6212235950134
-661.8461741260166
-660.0721842512113
-658.2992413601199
-656.5273329024692
-654.7564463928861
-652.9865694164307
-651.2176896350081
-649.4497947947066
-647.6828727340999
-645.9169113935528
-644.1518988255591
-642.3878232061415
-640.6246728473316
-638.8624362107435
-637.1011019222453
-635.3406587877244
-633.581095809931
-631.8224022063761
-630.0645674282443
-628.3075811802769
-626.5514334415577
-624.7961144871329
-623.0416149103728
-621.2879256459764
-619.5350379935031
-617.7829436413066
-616.0316346907289
-614.2811036804068
-612.5313436105292
-610.7823479668745
-609.0341107444524
-607.2866264705685
-605.5398902271229
-603.793897671957
-602.0486450590614
-600.3041292574605
-598.5603477685949
-596.8172987420326
-595.0749809893487
-593.3333939960247
-591.5925379312381
-589.852413655424
-588.113022725515
-586.3743673977808
-584.6364506282154
-582.899276070437
-581.1628480710958
-579.4271716627994
-577.6922525545962
-575.9580971200766
-574.2247123831726
-572.4921060017582
-570.7602862491724
-569.0292619938011
-567.2990426768735
-565.5696382886359
-563.841059343084
-562.113316851432
-560.386422294515
-558.660387594315
-556.9352250848045
-555.2109474823029
-553.4875678555325
-551.7650995955596
-550.0435563857966
-548.3229521722317
-546.6033011340448
-544.8846176547546
-543.1669162940295
-541.450211760286
-539.7345188841778
-538.019852593073
-536.3062278865975
-534.5936598133131
-532.8821634485822
-531.1717538736632
-529.4624461560638
-527.7542553311714
-526.0471963851681
-524.3412842392291
-522.6365337349918
-520.932959621279
-519.2305765420499
-517.5293990255456
-515.8294414745942
-514.1307181580318
-512.4332432031952
-510.7370305894376
-509.0420941426171
-507.3484475305048
-505.65610425906095
-503.9650776695238
-502.2753809362589
-500.58702706531506
-498.90002889363404
-497.2143990888635
-495.53015014972266
-493.84729440687227
-492.16584402424337
-490.48581100077797
-488.8072071725421
-487.13004421516735
-485.4543336465855
-483.7800868300184
-482.10731497718996
-480.43602915172755
-478.7662402727249
-477.09795911843685
-475.43119633008246
-473.76596241573134
-472.1022677542534
-470.4401225993105
-468.7795370833728
-467.1205212217445
-465.46308491658147
-463.8072379608906
-462.15299004249687
-460.50035074796835
-458.8493295664897
-457.1999358936754
-455.5521790353167
-453.9060682110546
-452.26161255797524
-450.61882113412105
-448.97770292191683
-447.33826683150494
-445.7005217039888
-444.06447631458354
-442.43013937567
-440.79751953975494
-439.16662540233347
-437.5374655046569
-435.91004833640375
-434.2843823382573
-432.66047590438825
-431.0383373848449
-429.41797508785316
-427.7993972820252
-426.1826121984826
-424.5676280328919
-422.9544529474167
-421.34309507258956
-419.73356250910206
-418.1258633295197
-416.52000557992096
-414.91599728146355
-413.3138464318814
-411.713561006913
-410.1151489616643
-408.51861823190893
-406.92397673532696
-405.3312323726858
-403.74039302896404
-402.151466574422
-400.5644608656203
-398.97938374638795
-397.3962430487444
-395.8150465937741
-394.23580219245935
-392.6585176464705
-391.0832007489164
-389.5098592850578
-387.9385010329837
-386.36913376425366
-384.80176524450746
-383.2364032340438
-381.6730554883686
-380.11172975871625
-378.55243379254284
-376.99517533399546
-375.4399621243565
-373.8868019024651
-372.3357024051179
-370.78667136744843
-369.2397165232875
-367.6948456055054
-366.1520663463368
-364.61138647768917
-363.0728137314354
-361.53635583969333
-360.0020205350893
-358.46981555101036
-356.9397486218443
-355.4118274832068
-353.8860598721591
-352.3624535274147
-350.84101618953673
-349.32175560112614
-347.80467950700097
-346.2897956543685
-344.7771117929891
-343.26663567533274
-341.75837505672973
-340.25233769551437
-338.7485313531628
-337.2469637944255
-335.74764278745477
-334.25057610392616
-332.7557715191565
-331.2632368122171
-329.7729797660422
-328.285008167535
-326.7993298076682
-325.31595248158237
-323.83488398868076
-322.35613213272063
-320.87970472190216
-319.40560956895456
-317.93385449121877
-316.46444731072927
-314.9973958542914
-313.5327079535589
-312.0703914451069
-310.6104541705049
-309.1529039763865
-307.69774871451784
-306.2449962418643
-304.79465442065555
-303.34673111844836
-301.90123420818884
-300.4581715682724
-299.01755108260306
-297.5793806406499
-296.1436681375044
-294.71042147393416
-293.2796485564372
-291.8513572972936
-290.4255556146172
-289.0022514324054
-287.5814526805874
-286.16316729507287
-284.7474032177977
-283.33416839677
-281.9234707861144
-280.5153183461156
-279.1097190432606
-277.70668085028035
-276.3062117461899
-274.90831971632815
-273.51301275239564
-272.12029885249285
-270.7301860211562
-269.34268226939355
-267.95779561471886
-266.5755340811859
-265.1959056994209
-263.8189185066542
-262.444580546751
-261.07289987024103
-259.70388453434805
-258.3375426030169
-256.97388214694115
-255.61291124358866
-254.25463797722716
-252.8990704389479
-251.54621672668873
-250.19608494525698
-248.84868320634973
-247.50401962857472
-246.1621023374695
-244.8229394655193
-243.48653915217506
-242.15290954386876
-240.82205879402966
-239.49399506309783
-238.16872651853794
-236.8462613348512
-235.5266076935867
-234.20977378335147
-232.89576779981985
-231.58459794574105
-230.27627243094696
-228.97079947235727
-227.66818729398483
-226.36844412693938
-225.07157820942996
-223.77759778676693
-222.4865111113619
-221.1983264427272
-219.91305204747448
-218.6306961993114
-217.351267179037
-216.07477327453773
-214.80122278077954
-213.53062399980115
-212.2629852407049
-210.99831481964645
-209.73662105982385
-208.4779122914647
-207.22219685181255
-205.9694830851114
-204.71977934259007
-203.47309398244397
-202.22943536981631
-200.98881187677796
-199.75123188230577
-198.51670377225958
-197.28523593935813
-196.05683678315313
-194.83151471000235
-193.60927813304136
-192.39013547215325
-191.17409515393763
-189.96116561167787
-188.75135528530677
-187.5446726213711
-186.34112607299403
-185.14072409983692
-183.94347516805897
-182.74938775027522
-181.55847032551355
-180.3707313791699
-179.18617940296122
-178.0048228948781
-176.82667035913494
-175.6517303061181
-174.4800112523336
-173.31152172035195
-172.1462702387521
-170.98426534206317
-169.82551557070497
-168.670029470926
-167.51781559474034
-166.3688824998627
-165.22323874964138
-164.08089291298938
-162.94185356431433
-161.80612928344544
-160.67372865555956
-159.54466027110482
-158.4189327257227
-157.29655462016763
-156.17753456022535
-155.0618811566285
-153.94960302497077
-152.84070878561897
-151.73520706362285
-150.63310648862284
-149.53441569475592
-148.43914332055942
-147.34729800887237
-146.25888840673485
-145.17392316528537
-144.0924109396559
-143.0143603888646
-141.93978017570635
-140.86867896664126
-139.8010654316805
-138.73694824427037
-137.67633608117342
-136.61923762234767
-135.56566155082317
-134.51561655257672
-133.46911131640343
-132.42615453378642
-131.3867548987638
-130.35092110779294
-129.31866185961314
-128.28998585510465
-127.26490179714574
-126.24341839046758
-125.22554434150527
-124.21128835824777
-123.20065915008433
-122.19366542764794
-121.1903159026574
-120.19061928775511
-119.19458429634324
-118.20221964241705
-117.2135340403945
-116.22853620494459
-115.2472348508112
-114.26963869263591
-113.2957564447762
-112.32559682112174
-111.35916853490812
-110.39648029852651
-109.43754082333135
-108.48235881944447
-107.5309429955571
-106.58330205872744
-105.63944471417653
-104.69937966508053
-103.7631156123598
-102.83066125446499
-101.90202528716054
-100.97721640330394
-100.05624329262287
-99.13911464148862
-98.22583913268659
-97.31642544518365
-96.4108822538916
-95.50921822942814
-94.61144203787478
-93.71756234052998
-92.827587793661
-91.94152704825115
-91.05938874974356
-90.18118153778278
-89.306914045952
-88.43659490150685
-87.57023272510685
-86.7078361305422
-85.84941372445792
-84.99497410607432
-84.14452586690413
-83.29807759046616
-82.4556378519951
-81.6172152181482
-80.78281824670944
-79.95245548628759
-79.12613547601359
-78.30386674523243
-77.48565781319303
-76.6715171887331
-75.86145336996196
-75.05547484393833
-74.25359008634541
-73.45580756116283
-72.66213572033394
-71.87258300343069
-71.08715783731373
-70.3058686357897
-69.52872379926589
-68.75573171439873
-67.98690075374111
-67.22223927538607
-66.46175562260464
-65.70545812348291
-64.95335509055417
-64.20545482042735
-63.46176559341279
-62.72229567314298
-61.98705330619282
-61.25604672169197
-60.529284130938095
-59.8067737270037
-59.088523684341
-58.37454215838193
-57.664837285136855
-56.95941718078848
-56.25828994128142
-55.561463641910905
-54.868946336906674
-54.180746059012336
-53.496870819064725
-52.8173286055669
-52.142127384259084
-51.47127509768643
-50.80477966476428
-50.14264898033866
-49.48489091474471
-48.83151331336194
-48.18252399616699
-47.53793075728163
-46.89774136451956
-46.26196355893012
-45.630605054337366
-45.00367353687898
-44.38117666453968
-43.763122066684446
-43.14951734358647
-42.5403700659549
-41.935687774458074
-41.3354779792453
-40.73974815946599
-40.14850576278559
-39.56175820490034
-38.97951286904822
-38.40177710551984
-37.82855823116461
-37.2598635288964
-36.69570024719701
-36.13607559961633
-35.580996764273095
-35.03047088335052
-34.484505062593826
-33.94310637080207
-33.40628183932222
-32.874038461538476
-32.34638319236228
-31.823322947720044
-31.304864604039267
-30.791014997734237
-30.281780924690338
-29.777169139746547
-29.277186356177936
-28.781839245176798
-28.29113443533356
-27.805078512116097
-27.323678017349266
-26.846939448693547
-26.37486925912299
-25.907473856404295
-25.444759602573413
-24.98673281341462
-24.53339975793756
-24.084766657854743
-23.64083968706109
-23.201624971111187
-22.767128586699073
-22.337356561137767
-21.91231487183859
-21.4920094457932
-21.07644615905565
-20.66563083622441
-20.25956924992738
-19.85826712030689
-19.46173011450651
-19.06996384615968
-18.68297387487928
-18.300765705749654
-17.923344788819804
-17.5507165185993
-17.18288623355602
-16.819859215615907
-16.4616406896655
-16.108235823056702
-15.759649725114514
-15.415887446647275
-15.076953979459404
-14.742854255868451
-14.413593148224209
-14.08917546843054
-13.769605967472899
-13.454889334947211
-13.145030198593076
-12.840033123831745
-12.53990261330614
-12.24464310642702
-11.954258978921644
-11.66875454238857
-11.388134043854734
-11.112401665338894
-10.841561523418932
-10.575617668804625
-10.314574085915183
-10.058434692460878
-9.807203339031958
-9.56088380869096
-9.319479816572084
-9.082995009484648
-8.851432965524282
-8.624797193687527
-8.403091133494627
-8.186318154617311
-7.974481556512728
-7.767584568064649
-7.565630347229899
-7.368621980692524
-7.176562483523867
-6.989454798849465
-6.807301797524133
-6.630106277811365
-6.457870965073198
-6.29059851146485
-6.128291495637086
-5.970952422448136
-5.81858372267925
-5.671187752761625
-5.528766794509465
-5.391323054860095
-5.25885866562362
-5.131375683239185
-5.008876088540546
-4.8913617865289325
-4.778834606153623
-4.671296300103222
-4.568748544602158
-4.471192939217872
-4.3786310066764145
-4.291064192684871
-4.208493865764694
-4.130921317092088
-4.058347760347942
-3.990774331577313
-3.9282020890557305
-3.870632013165732
-3.818065006283632
-3.7705018926722005
-3.7279434183851663
-3.690390251179906
-3.657842980438545
-3.630302117098836
-3.607768093594359
-3.5902412638042733
-3.57772190301057
-3.570210207866694
-3.5677062963734443
-3.570210207866694
-3.57772190301057
-3.5902412638042733
-3.607768093594359
-3.630302117098836
-3.657842980438545
-3.690390251179906
-3.7279434183851663
-3.7705018926722005
-3.818065006283632
-3.870632013165732
-3.9282020890557305
-3.990774331577313
-4.058347760347942
-4.130921317092088
-4.208493865764694
-4.291064192684871
-4.3786310066764145
-4.471192939217872
-4.568748544602158
-4.671296300103222
-4.778834606153623
-4.8913617865289325
-5.008876088540546
-5.131375683239185
-5.25885866562362
-5.391323054860095
-5.528766794509465
-5.671187752761625
-5.81858372267925
-5.970952422448136
-6.128291495637086
-6.29059851146485
-6.457870965073198
-6.630106277811365
-6.807301797524133
-6.989454798849465
-7.176562483523867
-7.368621980692524
-7.565630347229899
-7.767584568064649
-7.974481556512728
-8.186318154617311
-8.403091133494627
-8.624797193687527
-8.851432965524282
-9.082995009484648
-9.319479816572084
-9.56088380869096
-9.807203339031958
-10.058434692460878
-10.314574085915183
-10.575617668804625
-10.841561523418932
-11.112401665338894
-11.388134043854734
-11.66875454238857
-11.954258978921644
-12.24464310642702
-12.53990261330614
-12.840033123831745
-13.145030198593076
-13.454889334947211
-13.769605967472899
-14.08917546843054
-14.413593148224209
-14.742854255868451
-15.076953979459404
-15.415887446647275
-15.759649725114514
-16.108235823056702
-16.4616406896655
-16.819859215615907
-17.18288623355602
-17.5507165185993
-17.923344788819804
-18.300765705749654
-18.68297387487928
-19.06996384615968
-19.46173011450651
-19.85826712030689
-20.25956924992738
-20.66563083622441
-21.07644615905565
-21.4920094457932
-21.91231487183859
-22.337356561137767
-22.767128586699073
-23.201624971111187
-23.64083968706109
-24.084766657854743
-24.53339975793756
-24.98673281341462
-25.444759602573413
-25.907473856404295
-26.37486925912299
-26.846939448693547
-27.323678017349266
-27.805078512116097
-28.29113443533356
-28.781839245176798
-29.277186356177936
-29.777169139746547
-30.281780924690338
-30.791014997734237
-31.304864604039267
-31.823322947720044
-32.34638319236228
-32.874038461538476
-33.40628183932222
-33.94310637080207
-34.484505062593826
-35.03047088335052
-35.580996764273095
-36.13607559961633
-36.69570024719701
-37.2598635288964
-37.82855823116461
-38.40177710551984
-38.97951286904822
-39.56175820490034
-40.14850576278559
-40.73974815946599
-41.3354779792453
-41.935687774458074
-42.5403700659549
-43.14951734358647
-43.763122066684446
-44.38117666453968
-45.00367353687898
-45.630605054337366
-46.26196355893012
-46.89774136451956
-47.53793075728163
-48.18252399616699
-48.83151331336194
-49.48489091474471
-50.14264898033866
-50.80477966476428
-51.47127509768643
-52.142127384259084
-52.8173286055669
-53.496870819064725
-54.180746059012336
-54.868946336906674
-55.561463641910905
-56.25828994128142
-56.95941718078848
-57.664837285136855
-58.37454215838193
-59.088523684341
-59.8067737270037
-60.529284130938095
-61.25604672169197
-61.98705330619282
-62.72229567314298
-63.46176559341279
-64.20545482042735
-64.95335509055417
-65.70545812348291
-66.46175562260464
-67.22223927538607
-67.98690075374111
-68.75573171439873
-69.52872379926589
-70.3058686357897
-71.08715783731373
-71.87258300343069
-72.66213572033394
-73.45580756116283
-74.25359008634541
-75.05547484393833
-75.86145336996196
-76.6715171887331
-77.48565781319303
-78.30386674523243
-79.12613547601359
-79.95245548628759
-80.78281824670944
-81.6172152181482
-82.4556378519951
-83.29807759046616
-84.14452586690413
-84.99497410607432
-85.84941372445792
-86.7078361305422
-87.57023272510685
-88.43659490150685
-89.306914045952
-90.18118153778278
-91.05938874974356
-91.94152704825115
-92.827587793661
-93.71756234052998
-94.61144203787478
-95.50921822942814
-96.4108822538916
-97.31642544518365
-98.22583913268659
-99.13911464148862
-100.05624329262287
-100.97721640330394
-101.90202528716054
-102.83066125446499
-103.7631156123598
-104.69937966508053
-105.63944471417653
-106.58330205872744
-107.5309429955571
-108.48235881944447
-109.43754082333135
-110.39648029852651
-111.35916853490812
-112.32559682112174
-113.2957564447762
-114.26963869263591
-115.2472348508112
-116.22853620494459
-117.2135340403945
-118.20221964241705
-119.19458429634324
-120.19061928775511
-121.1903159026574
-122.19366542764794
-123.20065915008433
-124.21128835824777
-125.22554434150527
-126.24341839046758
-127.26490179714574
-128.28998585510465
-129.31866185961314
-130.35092110779294
-131.3867548987638
-132.42615453378642
-133.46911131640343
-134.51561655257672
-135.56566155082317
-136.61923762234767
-137.67633608117342
-138.73694824427037
-139.8010654316805
-140.86867896664126
-141.93978017570635
-143.0143603888646
-144.0924109396559
-145.17392316528537
-146.25888840673485
-147.34729800887237
-148.43914332055942
-149.53441569475592
-150.63310648862284
-151.73520706362285
-152.84070878561897
-153.94960302497077
-155.0618811566285
-156.17753456022535
-157.29655462016763
-158.4189327257227
-159.54466027110482
-160.67372865555956
-161.80612928344544
-162.94185356431433
-164.08089291298938
-165.22323874964138
-166.3688824998627
-167.51781559474034
-168.670029470926
-169.82551557070497
-170.98426534206317
-172.1462702387521
-173.31152172035195
-174.4800112523336
-175.6517303061181
-176.82667035913494
-178.0048228948781
-179.18617940296122
-180.3707313791699
-181.55847032551355
-182.74938775027522
-183.94347516805897
-185.14072409983692
-186.34112607299403
-187.5446726213711
-188.75135528530677
-189.96116561167787
-191.17409515393763
-192.39013547215325
-193.60927813304136
-194.83151471000235
-196.05683678315313
-197.28523593935813
-198.51670377225958
-199.75123188230577
-200.98881187677796
-202.22943536981631
-203.47309398244397
-204.71977934259007
-205.9694830851114
-207.22219685181255
-208.4779122914647
-209.73662105982385
-210.99831481964645
-212.2629852407049
-213.53062399980115
-214.80122278077954
-216.07477327453773
-217.351267179037
-218.6306961993114
-219.91305204747448
-221.1983264427272
-222.4865111113619
-223.77759778676693
-225.07157820942996
-226.36844412693938
-227.66818729398483
-228.97079947235727
-230.27627243094696
-231.58459794574105
-232.89576779981985
-234.20977378335147
-235.5266076935867
-236.8462613348512
-238.16872651853794
-239.49399506309783
-240.82205879402966
-242.15290954386876
-243.48653915217506
-244.8229394655193
-246.1621023374695
-247.50401962857472
-248.84868320634973
-250.19608494525698
-251.54621672668873
-252.8990704389479
-254.25463797722716
-255.61291124358866
-256.97388214694115
-258.3375426030169
-259.70388453434805
-261.07289987024103
-262.444580546751
-263.8189185066542
-265.1959056994209
-266.5755340811859
-267.95779561471886
-269.34268226939355
-270.7301860211562
-272.12029885249285
-273.51301275239564
-274.90831971632815
-276.3062117461899
-277.70668085028035
-279.1097190432606
-280.5153183461156
-281.9234707861144
-283.33416839677
-284.7474032177977
-286.16316729507287
-287.5814526805874
-289.0022514324054
-290.4255556146172
-291.8513572972936
-293.2796485564372
-294.71042147393416
-296.1436681375044
-297.5793806406499
-299.01755108260306
-300.4581715682724
-301.90123420818884
-303.34673111844836
-304.79465442065555
-306.2449962418643
-307.69774871451784
-309.1529039763865
-310.6104541705049
-312.0703914451069
-313.5327079535589
-314.9973958542914
-316.46444731072927
-317.93385449121877
-319.40560956895456
-320.87970472190216
-322.35613213272063
-323.83488398868076
-325.31595248158237
-326.7993298076682
-328.285008167535
-329.7729797660422
-331.2632368122171
-332.7557715191565
-334.25057610392616
-335.74764278745477
-337.2469637944255
-338.7485313531628
-340.25233769551437
-341.75837505672973
-343.26663567533274
-344.7771117929891
-346.2897956543685
-347.80467950700097
-349.32175560112614
-350.84101618953673
-352.3624535274147
-353.8860598721591
-355.4118274832068
-356.9397486218443
-358.46981555101036
-360.0020205350893
-361.53635583969333
-363.0728137314354
-364.61138647768917
-366.1520663463368
-367.6948456055054
-369.2397165232875
-370.78667136744843
-372.3357024051179
-373.8868019024651
-375.4399621243565
-376.99517533399546
-378.55243379254284
-380.11172975871625
-381.6730554883686
-383.2364032340438
-384.80176524450746
-386.36913376425366
-387.9385010329837
-389.5098592850578
-391.0832007489164
-392.6585176464705
-394.23580219245935
-395.8150465937741
-397.3962430487444
-398.97938374638795
-400.5644608656203
-402.151466574422
-403.74039302896404
-405.3312323726858
-406.92397673532696
-408.51861823190893
-410.1151489616643
-411.713561006913
-413.3138464318814
-414.91599728146355
-416.52000557992096
-418.1258633295197
-419.73356250910206
-421.34309507258956
-422.9544529474167
-424.5676280328919
-426.1826121984826
-427.7993972820252
-429.41797508785316
-431.0383373848449
-432.66047590438825
-434.2843823382573
-435.91004833640375
-437.5374655046569
-439.16662540233347
-440.79751953975494
-442.43013937567
-444.06447631458354
-445.7005217039888
-447.33826683150494
-448.97770292191683
-450.61882113412105
-452.26161255797524
-453.9060682110546
-455.5521790353167
-457.1999358936754
-458.8493295664897
-460.50035074796835
-462.15299004249687
-463.8072379608906
-465.46308491658147
-467.1205212217445
-468.7795370833728
-470.4401225993105
-472.1022677542534
-473.76596241573134
-475.43119633008246
-477.09795911843685
-478.7662402727249
-480.43602915172755
-482.10731497718996
-483.7800868300184
-485.4543336465855
-487.13004421516735
-488.8072071725421
-490.48581100077797
-492.16584402424337
-493.84729440687227
-495.53015014972266
-497.2143990888635
-498.90002889363404
-500.58702706531506
-502.2753809362589
-503.9650776695238
-505.65610425906095
-507.3484475305048
-509.0420941426171
-510.7370305894376
-512.4332432031952
-514.1307181580318
-515.8294414745942
-517.5293990255456
-519.2305765420499
-520.932959621279
-522.6365337349918
-524.3412842392291
-526.0471963851681
-527.7542553311714
-529.4624461560638
-531.1717538736632
-532.8821634485822
-534.5936598133131
-536.3062278865975
-538.019852593073
-539.7345188841778
-541.450211760286
-543.1669162940295
-544.8846176547546
-546.6033011340448
-548.3229521722317
-550.0435563857966
-551.7650995955596
-553.4875678555325
-555.2109474823029
-556.9352250848045
-558.660387594315
-560.386422294515
-562.113316851432
-563.841059343084
-565.5696382886359
-567.2990426768735
-569.0292619938011
-570.7602862491724
-572.4921060017582
-574.2247123831726
-575.9580971200766
-577.6922525545962
-579.4271716627994
-581.1628480710958
-582.899276070437
-584.6364506282154
-586.3743673977808
-588.113022725515
-589.852413655424
-591.5925379312381
-593.3333939960247
-595.0749809893487
-596.8172987420326
-598.5603477685949
-600.3041292574605
-602.0486450590614
-603.793897671957
-605.5398902271229
-607.2866264705685
-609.0341107444524
-610.7823479668745
-612.5313436105292
-614.2811036804068
-616.0316346907289
-617.7829436413066
-619.5350379935031
-621.2879256459764
-623.0416149103728
-624.7961144871329
-626.5514334415577
-628.3075811802769
-630.0645674282443
-631.8224022063761
-633.581095809931
-635.3406587877244
-637.1011019222453
-638.8624362107435
-640.6246728473316
-642.3878232061415
-644.1518988255591
-645.9169113935528
-647.6828727340999
-649.4497947947066
-651.2176896350081
-652.9865694164307
-654.7564463928861
-656.5273329024692
-658.2992413601199
-660.0721842512113
-661.8461741260166
-663.6212235950134
-665.3973453249743
-667.1745520357968
-668.9528564980249
-670.73227153101
-672.5128100016682
-674.2944848237812
-676.0773089577999
-677.8612954111031
-679.6464572386708
-681.4328075441308
-683.2203594811406
-685.0091262550695
-686.7991211249465
-688.590357405642
-690.3828484702567
-692.1766077526911
-693.9716487503676
-695.7679850270889
-697.56563021601
-699.3645980227059
-701.1649022283216
-702.9665566927881
-704.7695753580958
-706.5739722516117
-708.3797614894347
-710.1869572797796
-711.995573926386
-713.8056258319461
-715.6171275015486
-717.4300935461349
-719.24453868597
-721.0604777541212
-722.8779256999503
-724.6968975926171
-726.5174086245958
-728.339474115206
-730.1631095141618
-731.9883304051389
-733.8151525093656
-735.6435916892387
-737.4736639519681
-739.3053854532544
-741.1387725010029
-742.9738415590773
-744.8106092510974
-746.6490923642862
-748.4893078533679
-750.3312728445231
-752.1750046394052
-754.0205207192214
-755.8678387488831
-757.7169765812308
-759.5679522613372
-761.4207840308917
-763.2754903326743
-765.1320898151198
-766.9906013369786
-768.8510439720785
-770.713437014193
-772.577799982019
-774.4441526242708
-776.3125149248938
-778.1829071084042
-780.055349645359
-781.9298632579623
-783.8064689258126
-785.6851878917972
-787.5660416681405
-789.4490520426098
-791.3342410848859
-793.2216311531074
-795.1112449005898
-797.0031052827319
-798.8972355641133
-800.7936593257909
-802.6924004728032
-804.5934832418886
-806.4969322094285
-808.4027722996207
-810.3110287928957
-812.2217273345824
-814.1348939438344
-816.0505550228272
-817.9687373662368
-819.8894681710116
-821.812775046448
-823.7386860245838
-825.6672295709212
-827.5984345954932
-829.5323304642877
-831.4689470110451
-833.4083145494424
-835.3504638856843
-837.2954263315148
-839.2432337176693
-841.1939184077869
-843.1475133128004
-845.1040519058292
-847.0635682375922
-849.0260969523695
-850.9916733045327
-852.9603331756748
-854.9321130923612
-856.9070502445369
-858.8851825046163
-860.8665484472892
-862.8511873700778
-864.8391393146796
-866.8304450891357
-868.8251462908627
-870.8232853305951
-872.8249054572784
-874.8300507839656
-876.8387663147641
-878.8510979728924
-880.867092629897
-882.8867981360984
-884.9102633523248
-886.9375381830068
-888.9686736107051
-891.0037217321495
-893.0427357958748
-895.0857702415385
-897.1328807410249
-899.1841242414208
-901.2395590099991
-903.2992446812839
-905.3632423063902
-907.4316144046618
-909.5044250179313
-911.5817397672608
-913.6636259128111
-915.7501524162343
-917.8413900070493
-919.93741125116
-922.0382906250316
-924.144104590486
-926.2549316788115
-928.3708525710332
-930.4919501959721
-932.6183098126843
-934.7500191308445
-936.8871683858232
-939.0298504999226
-941.1781611255946
-943.3321988896355
-945.4920653448605
-947.6578653936251
-949.829707007096
-952.0077020478218
-954.1919654316482
-956.3826168456533
-958.5797786170274
-960.7835794337855
-962.9941492832913
-965.2116276125944
-967.4361517519299
-969.6678747978439
-971.9069398000842
-974.1535186451473
-976.4077556434399
-978.6698511036664
-980.9399402146964
-983.2182702610485
-985.5049449050523
-987.8002944845883
-990.1043449131467
-992.417579578851
-994.7398542823779
-997.0719400027117
-999.4133425812327
-1001.7653756657069
-1004.1268529685003
-1006.5001065117177
-1008.8826210725381
-1011.27861805827
-1013.6830937250149
-1016.103722344485
-1018.5309462409739
-1020.9786403768718
-1023.4290969378649
-1025.9071141422824
-1028.3807186062436
-1030.8935585697318
-1033.389249955502
-1035.9432665800214
-1038.458417782638
-1041.0626841188814
-1043.592295716012
-1046.259778447432
-1048.795450722443
-1051.5445357568758
-1054.0732638900317
-1056.9296513680658
-1059.4325487306278
-1062.4315339861453
-1064.8826087401403
-1068.0718720282468
-1070.436860095258
-1073.880301020521
-1076.1151328336666
-1079.8994574908427
-1081.946927237608
-1086.1959752550367
-1087.9766563750911
-1092.8899337320581
-1094.2743618406923
-1100.2714356265647
-1100.9645828071248
-Infinity
-1108.3423417153524
